5.07  0.5837  0.01
4.526  1.5106  0.01
3.4696  2.0446  0.01
3.6482  1.7056  0.01
5.4845  2.0914  0.01
0.5148  2.6044  0.01
6.1549  1.661  0.01
2.7063  0.8362  0.01
2.0907  2.075  0.01
2.6223  2.1445  0.01
3.8171  0.707  0.01
1.2889  2.1851  0.01
2.1791  1.4351  0.01
4.9578  2.8247  0.01
4.2789  2.2137  0.01
2.9851  1.4953  0.01
3.4107  1.3848  0.01
0.906  1.2457  0.01
3.2064  0.7753  0.01
5.9645  0.5562  0.01
6.1983  2.0477  0.01
6.152  1.2704  0.01
4.3995  0.7438  0.01
3.1398  1.1324  0.01
3.331  2.961  0.01
2.5608  0.4864  0.01
2.4734  0.1067  0.01
4.718  2.4315  0.01
1.5379  1.6452  0.01
4.8615  0.9054  0.01
5.508  1.7033  0.01
1.5175  1.1777  0.01
0.2188  1.8303  0.01
2.7589  1.1951  0.01
2.5345  1.4717  0.01
4.3479  1.8295  0.01
1.6551  1.9886  0.01
1.1672  0.9819  0.01
2.7533  2.5702  0.01
5.8342  1.4954  0.01
0.4435  2.1282  0.01
2.2713  2.388  0.01
0.9999  0.64  0.01
4.485  1.111  0.01
0.5549  1.7125  0.01
1.2453  1.4244  0.01
3.7939  1.3462  0.01
5.1539  1.468  0.01
0.2477  1.0783  0.01
3.1332  2.304  0.01
2.1386  0.7478  0.01
5.53  0.7997  0.01
5.8376  1.8958  0.01
5.8468  2.3079  0.01
3.5725  1.0306  0.01
3.4537  2.6134  0.01
2.3573  1.0958  0.01
0.6662  0.9447  0.01
4.0239  1.6571  0.01
5.9553  2.6929  0.01
3.0195  1.9748  0.01
5.1587  1.8339  0.01
1.2681  2.5927  0.01
1.6532  0.4362  0.01
4.1833  2.6045  0.01
6.1402  0.8934  0.01
3.3774  0.4294  0.01
0.5468  1.3415  0.01
2.0107  2.7512  0.01
5.3412  2.4855  0.01
0.8498  2.3174  0.01
5.0536  2.1723  0.01
0.3163  0.6837  0.01
0.9069  1.6027  0.01
4.8437  1.2859  0.01
3.2693  1.7147  0.01
1.221  1.8295  0.01
0.5619  0.3352  0.01
0.6587  2.9599  0.01
3.9278  1.9941  0.01
4.6698  2.0251  0.01
4.3235  0.3877  0.01
5.4963  1.3317  0.01
5.2325  1.0721  0.01
0.0851  2.3728  0.01
5.4823  0.2568  0.01
2.7313  1.7678  0.01
1.803  1.4128  0.01
1.5901  0.7974  0.01
0.1988  1.4595  0.01
0.8475  1.9665  0.01
1.7366  2.3592  0.01
4.0377  1.0278  0.01
3.7648  2.318  0.01
2.3566  1.8162  0.01
1.959  1.7403  0.01
4.1988  1.36  0.01
5.7803  1.0963  0.01
4.8223  1.6946  0.01
1.938  1.0761  0.01
