6.01693533  0.925251396  0.0060366
2.711735512  2.496326976  0.0058327
5.744384714  2.472136712  0.0057405
3.493311404  0.919142744  0.0059303
0.538364261  0.162437793  0.0060053
6.173613537  2.595199878  0.0059259
2.335721778  0.447973659  0.0059879
4.825905195  1.225744734  0.0058995
4.896049978  2.660928978  0.0060179
0.826605387  2.206584867  0.0059525
1.793570153  2.461717097  0.0057354
4.808853328  2.963342177  0.0060126
1.824008695  0.914186009  0.0060164
3.171071265  0.995954684  0.0057097
5.485081147  1.64916161  0.0058925
1.835004269  0.633048373  0.005942
4.207500134  1.728207572  0.0059374
2.150716877  0.998659945  0.0059059
2.75954008  2.231420902  0.0057948
0.469161956  2.319018977  0.0060375
5.948274077  0.635352208  0.0060433
2.236377637  2.526433905  0.0059171
4.082569467  2.441767983  0.0057644
3.668839167  2.551392114  0.0059368
5.08180537  0.414760043  0.0056896
5.618354489  2.205363136  0.0059489
4.965950414  2.056050219  0.0060163
0.082780966  2.336664256  0.0060489
1.393680314  1.462079768  0.0060329
3.354330836  1.223824871  0.0059302
5.337147039  1.371462273  0.0059554
3.484200786  2.293624437  0.0060744
3.770923475  0.363901149  0.0060383
3.508059437  2.01259152  0.0059314
1.480440631  0.911917081  0.0060003
0.076515234  0.748117931  0.0059864
5.847900192  1.989780067  0.0059988
3.055059229  0.44039893  0.0060118
2.891102999  1.489341811  0.0059877
4.277173678  2.209080688  0.0059166
0.947155278  1.690054675  0.0059548
1.619037227  0.351491858  0.0060633
2.278387712  1.997284983  0.0059243
5.30417777  2.467913016  0.0059013
0.882246484  0.427884919  0.0059495
0.951815308  0.703210609  0.0057278
5.467034442  1.118633877  0.0059905
0.359276027  1.793500339  0.0060094
1.679338353  1.456093288  0.0060419
2.380332394  2.26343024  0.0060592
1.980896341  1.961767533  0.005737
5.459930952  0.627620399  0.0059435
0.420729069  2.603472739  0.0059648
0.060894538  1.792086623  0.0060153
3.345621643  1.749116616  0.0060581
1.872773194  3.03751867  0.0060224
0.098401663  2.886582597  0.0060309
4.323547076  1.474663592  0.0057134
3.842953214  2.226568887  0.0060883
4.271850424  1.196632642  0.0059504
4.205964245  0.923767866  0.0059863
2.587642602  1.993689605  0.0058864
1.338650083  2.524269697  0.0059639
4.566357282  1.341512423  0.0059218
0.061313417  1.312592317  0.0057189
0.398249229  0.95225164  0.005998
4.548293124  1.046551779  0.0060325
3.480448328  2.850157575  0.0060547
0.873066052  2.480304853  0.0059376
0.060894538  1.028644701  0.0059461
1.379612961  0.637306976  0.0059624
1.5595215  1.186457372  0.0059553
3.055198856  1.736532793  0.0059949
5.256879347  0.880378981  0.006041
3.176219986  2.574517726  0.0059648
1.236949747  1.713634073  0.006038
4.710783277  1.882093252  0.0059179
2.746223218  1.736707325  0.0060028
1.082575375  1.973496145  0.0059352
5.629559502  1.400033313  0.0060312
3.629796152  1.711958557  0.0059529
3.140737442  0.717522309  0.0059387
1.135458851  0.944153312  0.0059208
2.843368244  0.947818504  0.0059347
5.812487461  0.349205477  0.0059309
5.542624652  1.928868076  0.0059973
4.407602133  1.942848163  0.0059462
1.99848926  2.232136487  0.0061066
2.242399023  0.731432583  0.0058809
2.138918452  1.2687671  0.0057192
1.265258988  1.199302996  0.0059263
6.001995311  2.262836829  0.0059245
3.031095859  1.243477279  0.0059135
2.3064177  1.495310837  0.0058987
5.562416686  2.748631773  0.0059657
4.533946518  2.453898022  0.00597
4.449804194  0.476736685  0.0059238
4.773039172  1.547286742  0.0060093
2.139529317  1.723285744  0.0059805
1.098021539  1.445324607  0.0060142
3.196570525  1.486339844  0.0060138
3.768078589  1.436510694  0.0060004
4.083267598  1.989361188  0.0059327
2.68977927  0.675564594  0.0060221
0.997822187  2.776295241  0.0060302
3.484881464  1.470300268  0.0059417
0.182858146  0.458829607  0.0059714
3.960518592  1.164954916  0.0060126
0.203697377  2.06825007  0.0060079
4.875350373  0.947783597  0.0059699
5.277509139  2.183371988  0.0059712
1.970773431  1.489114918  0.0059369
4.965444269  1.756499359  0.0059332
6.18635444  1.536116635  0.0059276
4.930555137  2.344465878  0.0059661
3.210725145  2.019014332  0.0059451
2.599109415  1.479026915  0.0060295
0.217869451  1.547251835  0.0059567
0.487662446  1.471295106  0.0059442
2.732749276  1.215988343  0.0060013
5.246599358  1.906283516  0.0059424
5.758242628  1.698013376  0.0059951
2.656146775  0.176225895  0.0059806
3.926030886  1.694034025  0.0059719
4.634268043  2.166180495  0.0060096
3.65215382  1.176037757  0.0060256
0.754819995  0.946457147  0.0059465
3.57640653  0.634322463  0.00603
3.840265406  0.900432814  0.0059553
2.608795993  2.779087768  0.0059954
6.035592899  1.764597687  0.0059388
4.943313494  0.679439225  0.0059133
5.136259643  1.147187464  0.0060076
1.814531557  1.721278615  0.0059337
5.213438102  1.630346961  0.0057183
3.791396187  1.950265813  0.0057527
0.632629494  1.205202208  0.0059355
1.381236117  1.985521464  0.0059556
4.524067954  0.760579581  0.0060423
0.788801555  1.928710997  0.0057111
2.502348362  0.951326615  0.005956
1.189913124  2.250986043  0.0060692
4.226175157  2.718821549  0.0059876
6.07095327  1.218100192  0.0059457
5.78030359  1.155652311  0.0059829
0.947696331  1.192269319  0.0060073
0.514121638  2.03713085  0.0058971
6.175498492  2.030428785  0.0059285
5.02916624  1.424799535  0.0059166
1.793797045  2.750412008  0.0059881
3.115290542  2.289941792  0.0060244
4.050542675  1.434625739  0.0058994
1.689757969  1.995923626  0.0059006
4.628874976  0.161390596  0.0059211
0.511817803  0.681795419  0.0059182
4.052829056  0.653695618  0.0059694
1.85149763  1.199337902  0.0059717
5.910976391  1.456878687  0.0060475
1.528227746  1.725275419  0.0060413
0.630203486  1.70359843  0.0059216
2.91225639  1.98433464  0.0058753
5.657938556  0.876993043  0.0060001
2.446654905  1.741559341  0.0059774
4.521764119  1.669931028  0.005924
1.561668255  2.244720311  0.0059718
2.433285683  1.222760221  0.005936
0.33337534  1.229113219  0.0058783
0.791576629  1.44953085  0.0060329
