4.41  0.8885  0.007
3.4042  1.042  0.0067
5.2229  1.2842  0.007
1.558  1.777  0.007
4.2121  2.3768  0.007
1.0902  0.3826  0.0067
6.1705  1.5133  0.0069
5.9807  2.061  0.007
4.7189  2.5179  0.0069
3.485  2.7057  0.007
0.304  1.8696  0.0069
1.4071  1.4574  0.007
4.7923  1.6668  0.007
5.2165  2.4427  0.007
3.402  1.8593  0.0071
3.7553  1.8845  0.007
3.5019  0.7446  0.007
3.7483  1.0228  0.0069
1.9036  1.2683  0.0068
4.3738  1.23  0.0069
0.5296  1.2288  0.007
0.7534  1.4667  0.007
1.8149  2.6464  0.007
5.3278  2.1324  0.007
2.4905  1.9351  0.007
4.4065  0.2448  0.007
1.9961  2.349  0.0069
4.6778  1.118  0.007
3.5657  2.1406  0.0071
2.8147  2.0002  0.0069
5.6899  0.2919  0.0069
1.3042  2.9114  0.007
2.1441  2.0788  0.0069
5.7399  0.8514  0.0069
3.1433  1.248  0.0069
6.06  2.9314  0.0069
0.6092  2.6852  0.0069
5.3592  1.8321  0.0069
5.0327  2.7812  0.007
3.7577  1.3237  0.0069
5.4478  1.0489  0.007
3.0829  0.9012  0.007
3.3101  2.3814  0.007
2.9111  2.5782  0.0067
4.375  0.5705  0.007
0.7739  0.6514  0.007
4.9616  2.2012  0.0069
2.503  1.0903  0.007
0.1655  1.607  0.0067
4.2002  2.6874  0.007
1.8435  0.6556  0.007
2.9956  0.2714  0.007
2.9487  1.4799  0.007
3.075  0.5851  0.007
4.5803  2.2388  0.0067
4.5781  1.4535  0.0071
1.109  1.969  0.0067
5.043  1.8999  0.007
0.4587  1.5375  0.0069
5.541  0.584  0.0067
5.5954  1.3128  0.0069
5.6596  1.6574  0.0069
6.1639  0.9042  0.0071
5.6588  2.2863  0.0071
1.2532  1.7102  0.0069
2.6437  1.3843  0.007
3.9546  2.1339  0.0071
0.9891  0.0746  0.0069
2.7403  1.7017  0.007
3.9692  0.7455  0.0069
0.2399  1.0184  0.007
1.0397  0.9029  0.0071
3.724  0.4586  0.007
1.7761  2.0784  0.007
3.9104  1.606  0.0069
2.6961  0.8254  0.007
2.4724  2.2357  0.007
5.8632  1.1241  0.007
5.6454  2.6017  0.0069
3.0602  1.7928  0.007
0.2067  1.312  0.0069
5.945  1.7519  0.0069
0.4629  2.128  0.0069
0.2964  0.4059  0.0069
1.0735  1.4465  0.007
1.4476  0.9296  0.0069
4.1027  1.8319  0.007
4.315  2.046  0.0069
5.8858  1.4307  0.0069
0.7978  2.0613  0.0069
1.7196  1.5189  0.007
0.742  2.3804  0.007
2.4952  0.5388  0.0069
0.2795  2.3995  0.0069
5.0928  1.5954  0.0069
4.2631  1.5548  0.007
1.5566  2.3519  0.007
2.2537  0.8022  0.007
0.9154  1.7249  0.007
2.8424  1.1407  0.007
0.626  0.9394  0.007
1.8255  0.9519  0.007
4.708  1.9584  0.0069
3.7674  2.4276  0.007
2.3041  1.3549  0.007
2.5314  2.8464  0.007
5.6582  1.9705  0.0071
4.4658  1.7659  0.007
6.0883  0.6049  0.0069
3.9299  3.0022  0.007
2.1567  1.0872  0.0067
3.1784  2.088  0.0071
6.2378  2.6373  0.0067
0.8771  1.1792  0.0071
1.5843  1.2105  0.0069
2.4408  1.6202  0.0069
2.054  1.5272  0.0069
6.0691  2.3539  0.0069
1.9307  0.3621  0.0069
5.3882  1.5333  0.0067
3.2606  1.5696  0.007
4.0633  1.3348  0.0067
4.8898  1.3567  0.0071
0.0746  2.1294  0.007
0.2858  0.7224  0.007
1.8786  1.799  0.007
5.2309  0.804  0.0069
1.1347  2.2733  0.0069
0.615  1.8003  0.007
3.5934  1.6162  0.007
6.1865  1.2088  0.007
1.2029  2.5804  0.007
5.0206  1.0561  0.0069
4.9615  0.4983  0.007
1.229  1.1802  0.0071
4.0954  1.0388  0.0068
2.1942  1.7912  0.0068
2.3789  2.5262  0.0069
4.7905  0.7943  0.007
6.2432  1.8447  0.0069
1.4299  2.0504  0.0069
2.8654  2.2877  0.0069
1.3379  0.6494  0.0069
3.4556  1.3371  0.0067
