0.31739162 1.5551948 0.000501635
5.5794686 1.1108096 0.000496778
5.669353 1.8819187 0.000501264
1.1472224 1.6639742 0.000499045
4.3381206 2.5879044 0.000498998
5.8502389 2.153492 0.000501179
5.0833238 1.0323204 0.000500389
5.3070052 0.92338738 0.000485613
5.6238523 0.55041227 0.000500918
4.8280694 0.94871735 0.000501508
0.39741671 1.7058534 0.000501539
2.9828724 1.6080451 0.000499914
4.5468096 2.1550453 0.000501279
5.0809676 1.535511 0.000498893
5.1578494 1.3229334 0.000500518
5.7671438 1.1401817 0.000511296
6.172706 1.5260234 0.000499276
0.78992031 1.2075148 0.000500768
0.021170844 1.3110285 0.000500853
2.5497864 0.14960823 0.00050185
5.299029 1.2753418 0.000500946
5.7857665 1.9858356 0.000501367
3.3601079 0.48821397 0.000501806
4.8014357 0.34986172 0.00050029
3.7296813 1.4017804 0.000501077
1.633328 2.0016134 0.000501388
1.1171434 2.1475578 0.00049658
5.7936903 1.3023245 0.000500116
1.7266368 0.99976648 0.000501634
1.4593675 1.3185561 0.000500502
4.2336452 0.95500053 0.000500922
2.8193874 1.627729 0.000501194
5.1443056 0.7395536 0.000500532
0.23098909 2.6610162 0.000506024
2.1627247 2.1522528 0.000500724
6.0214034 0.79495908 0.000501857
1.5409041 1.8761417 0.00050062
4.8815463 2.0178973 0.000501635
0.9520998 0.57496207 0.000499773
0.033683982 0.49506788 0.00049921
2.1478196 2.5289821 0.000499955
0.89542372 1.4991209 0.000505918
3.9548288 2.9629408 0.000499882
3.1478584 2.1985738 0.000501795
4.7671225 0.72750908 0.000501103
2.2884059 1.5451993 0.00049614
2.5768041 1.2067503 0.000500577
1.2617718 2.3383921 0.00050057
3.4341971 0.35594943 0.000485001
5.4164199 1.374939 0.000501657
3.6981432 2.540222 0.000501808
4.2150225 1.9682427 0.000501033
2.6314853 2.0981301 0.000495334
0.15492572 2.4383471 0.000495621
3.2606241 1.3789236 0.000500334
2.4968331 2.5997726 0.000492405
0.86714589 2.1011321 0.000499676
3.6614913 0.35799146 0.000508663
5.7386077 0.98912172 0.000497233
1.375494 1.4501871 0.000500859
2.2457151 1.2360492 0.000499716
0.076904094 2.9022906 0.000499976
4.2212533 1.567927 0.000500893
5.4225285 2.4490809 0.000499641
0.051044248 0.71623251 0.000501168
5.1313029 3.0347611 0.000501766
2.7025725 1.9414694 0.000501079
3.9586162 0.79143177 0.000501078
0.90889417 0.65300098 0.000500554
3.0628958 0.63111978 0.000493418
3.2015796 1.9450473 0.000501518
5.0560443 1.4554632 0.00049618
0.094721462 0.79329403 0.000500973
5.9839137 1.4026949 0.00050877
0.064305609 1.0928571 0.000500973
2.9044024 1.8483037 0.000501596
1.7666921 2.7297473 0.000494793
2.6353075 0.74262538 0.000500042
1.6721476 1.1373648 0.000501444
4.045394 2.646914 0.00048844
4.647166 2.2699752 0.000500999
4.5671427 0.36328156 0.000499028
0.408051 2.0783381 0.000493109
0.42016533 1.047318 0.000504356
6.050306 1.4431639 0.000486066
2.9648955 0.93603753 0.000501521
4.9766144 1.7316162 0.000502522
5.5606539 1.331784 0.000501541
0.068983091 1.8986913 0.000499815
1.8537317 2.2940084 0.000490345
5.1919356 1.933179 0.000500274
3.6165666 1.2089669 0.000494734
2.6229157 2.8442409 0.000500761
1.8467852 1.1980952 0.000501705
1.8376921 2.6595153 0.000490183
2.4107535 1.8192614 0.000501496
1.9515224 1.4851094 0.000500182
4.3067046 0.71394787 0.00049708
0.090914026 2.1523575 0.000507644
5.3323997 2.2398159 0.000483341
1.8951134 1.7049737 0.000495688
1.6595027 2.249869 0.000494795
3.3905639 0.71448544 0.000501306
0.010718975 1.6062597 0.00050129
5.5543184 2.6546982 0.000501645
2.5002191 1.808964 0.000501164
1.7854718 1.3326741 0.000501339
5.3688597 0.98185068 0.000507078
3.8461123 0.41024488 0.000490909
0.84362409 1.5744039 0.000498884
2.9357136 1.160918 0.00050175
5.6938051 2.5979575 0.000501477
2.2059391 2.0740795 0.000500623
0.52555354 0.56971387 0.000500997
2.7363796 2.5440792 0.000502442
1.4682792 2.3509236 0.000501571
2.984164 2.3812225 0.000502425
1.7198317 2.0376894 0.000500957
0.59478203 1.2917182 0.000487362
2.4706008 0.92717824 0.000500898
1.223022 1.2938248 0.000487939
1.0008608 0.71742108 0.000501508
0.81592572 0.89510781 0.000501317
2.3057894 1.6849234 0.000502642
5.6412183 1.798684 0.000501072
3.4108621 1.4238396 0.000500418
0.001379719 2.3123518 0.000502985
4.4608347 1.9534947 0.000499001
3.2024348 0.32616015 0.000498053
0.30266976 2.3445706 0.000488218
3.073071 0.78296867 0.00049968
6.1401381 0.78835824 0.000501834
1.4320793 0.5750633 0.000498882
2.3726355 1.530837 0.000501653
3.6575818 0.8414372 0.000501479
1.988855 2.7039339 0.000510282
4.4864561 2.6320612 0.000500463
3.5944183 0.97540169 0.000498851
0.378623 0.10626245 0.000501719
3.0710988 2.4475625 0.000500954
5.4144302 1.5997234 0.000501746
0.77281434 2.7901881 0.000496876
0.72236036 1.3610636 0.000499177
2.5503624 0.98511968 0.00050104
4.0034188 1.2575237 0.000497369
2.432605 1.0874274 0.000500375
0.73213071 2.0236744 0.000498807
0.97573504 1.9347673 0.000507991
4.3850874 1.8244625 0.000495696
2.6518533 1.6460095 0.00050107
2.9323277 1.5374675 0.00050065
5.93206 1.1795337 0.000498121
4.7718174 0.8771955 0.000501216
1.6051793 1.74505 0.000501184
5.4834405 0.24406161 0.000500101
0.51965259 0.99152678 0.000496838
0.28157571 1.9883489 0.000496344
0.24699027 2.2026928 0.000485763
1.2483625 0.9990701 0.000499678
0.093291688 0.57099843 0.000500217
3.9765407 1.9568457 0.000501494
0.7704948 1.0601182 0.000497012
0.74680544 0.17494308 0.000496925
1.4736461 2.5300467 0.000504827
2.5462259 1.5135164 0.000500127
0.93202502 2.5480411 0.000500249
1.5134221 1.5421712 0.000497258
2.0156633 2.3777493 0.00049988
6.043953 2.3250229 0.000501279
1.2328412 1.9559905 0.000497612
2.4650158 1.8854268 0.00050082
4.6446702 1.4715342 0.00049543
4.1277386 1.3706856 0.000500705
5.4759531 0.50230576 0.000501054
2.3351982 2.2080335 0.000502912
3.3945607 1.1652062 0.00049833
6.0319103 1.3199 0.000502488
1.5868342 0.59087947 0.000501436
4.6818283 1.7974448 0.000502185
5.6692832 2.5142515 0.000501016
3.3119368 2.4001768 0.000500734
2.5465576 0.67865732 0.000499163
4.8364819 1.2382395 0.00050086
3.147998 1.575507 0.000489898
0.49778885 1.4284106 0.000499588
1.5324445 1.7914234 0.00050052
4.4105343 0.99404704 0.00050161
1.7714917 2.201663 0.000507879
0.23966861 0.88476325 0.00049884
3.5332096 1.8249861 0.000499029
2.3784998 2.9016099 0.000500864
1.3010644 1.4076953 0.000504114
2.6917864 1.1123856 0.000501576
2.4620836 2.4109455 0.000496131
3.539999 0.51066763 0.000498993
2.9184174 1.3879975 0.000501854
5.7900076 0.82700507 0.000501084
2.2802552 0.90553092 0.000501192
0.91724383 1.8701901 0.000498132
4.6208988 1.5447682 0.000496805
4.9263838 0.27502549 0.000501687
5.8421755 1.1885553 0.000488951
3.9547939 2.0407088 0.000500575
5.5487159 1.0382161 0.000484789
4.5589222 1.4819451 0.000500287
3.2776585 1.600343 0.000502823
4.0948915 2.4857154 0.000503005
0.1364001 2.0700303 0.000505041
2.1171193 2.2278604 0.000501936
2.4373523 2.9862933 0.000501373
1.9522555 2.1582392 0.000501145
3.5714498 0.89471861 0.000500389
1.3311469 2.6271743 0.000486826
2.4264265 1.5984179 0.000501426
0.43564291 0.85953277 0.000499865
5.1245659 1.6940707 0.000500862
5.0612978 1.755522 0.000500797
3.2912023 1.3008777 0.000495833
1.4677503 1.9203509 0.00050058
4.5498639 2.323295 0.000500505
6.2160076 1.3056756 0.000500213
1.6872726 2.4216269 0.000499126
2.3166977 0.48596424 0.000502695
0.83953653 0.27050334 0.000509546
1.5664103 2.3029096 0.000499483
2.5601013 2.7642001 0.000500653
2.9027967 0.8671808 0.000500869
2.6750836 2.1681876 0.000499702
0.91696108 1.1076174 0.00049947
0.71797959 2.1786945 0.00050276
0.40846115 2.157192 0.000506543
2.6201581 1.7225876 0.000501368
3.2417222 0.85442244 0.000501267
5.9239791 1.481699 0.000499715
5.8378122 1.6940096 0.000501201
6.1517271 2.1804922 0.00049991
2.9019066 2.6940204 0.000500707
5.3703083 0.71227236 0.000501307
4.6397833 2.1868452 0.000500972
6.1334884 0.35234358 0.000490281
5.1157869 0.43699205 0.00050092
0.58676399 1.4354321 0.000499154
2.3557058 2.8179563 0.000500486
1.3289024 1.144011 0.000494494
0.37359645 0.53091694 0.000501366
0.83502311 1.7225457 0.000500361
4.1206002 2.7942372 0.00050149
6.0103729 1.7238844 0.000501239
4.6287353 2.0213356 0.000500908
1.5155776 1.1728979 0.000500111
0.060003896 1.535696 0.00050132
4.9545883 1.6478195 0.000503563
3.2848318 0.93015752 0.000501468
5.9781192 2.3960229 0.000500958
1.2208526 1.708159 0.000501595
0.32596816 0.82413575 0.000498495
5.6287916 2.3446055 0.000500318
5.6796854 0.85484132 0.000503045
2.5335199 1.7321642 0.000501445
0.36432701 1.4866627 0.000501556
5.3913744 0.8822779 0.000495507
5.2467913 1.5658728 0.000500829
4.5993789 1.1842129 0.000501849
6.0038977 1.0222533 0.00050105
2.3577827 1.7526596 0.000502105
5.2687127 2.5695435 0.000501701
3.0268373 1.1553207 0.00050145
5.2107328 1.2580595 0.000501066
1.6614487 1.5252537 0.000499139
2.9199533 1.0129018 0.0005019
2.9680197 1.4574546 0.00050141
2.2599047 1.0693894 0.000501346
3.4896811 1.6905992 0.00050124
3.3037163 1.8322117 0.000500959
2.790956 1.9352909 0.000500914
2.2467623 1.9927471 0.000501194
5.0181009 1.5969606 0.000497294
2.7913051 0.87681327 0.00050081
2.2863813 1.9123922 0.00049992
2.5551097 1.2877004 0.000499074
2.186182 1.7794679 0.000498677
2.6036298 0.82446387 0.00050084
3.7478502 1.9292346 0.000496736
0.96681816 1.1751162 0.000499326
5.8924584 1.6307606 0.000500489
3.7510965 1.3178423 0.000501484
4.4662976 0.60900123 0.000491268
0.99145173 0.94325796 0.000501255
0.88628343 1.6460741 0.000501714
0.89391052 1.3467554 0.000504101
1.8798069 0.81533929 0.000501269
2.6807559 2.4663597 0.000496497
5.5823134 2.8238904 0.000501294
3.0758985 1.2291726 0.000500853
2.7213174 1.0334252 0.000501573
5.424972 2.2789288 0.00049587
4.6556483 1.2501828 0.000501452
5.3695054 1.9587132 0.000496358
4.5182211 2.7177744 0.000501648
1.9378391 1.3175072 0.000501143
6.1971231 0.86223279 0.000501445
4.3593787 2.2419278 0.000500787
6.2549808 0.24730443 0.000507152
4.6340062 2.1040119 0.000501095
5.0190259 2.2039494 0.000500801
5.671046 1.4316953 0.000501783
2.0030446 2.2284538 0.000502825
1.5660525 2.2165507 0.000498866
1.6466152 2.0879548 0.000501223
0.99731081 2.7769759 0.000498533
4.881843 0.87388461 0.000501166
5.2983484 2.1653078 0.000496196
4.9276753 1.3806916 0.000496464
5.8246699 0.44398209 0.000499281
3.5247797 2.3324057 0.000499102
0.10946129 1.3177777 0.000501014
3.4799422 1.1743204 0.000485382
1.3985899 0.71696206 0.00050154
5.5897311 0.79917405 0.000499643
4.7097884 1.3183659 0.000500703
0.30604348 2.4266011 0.000507429
3.2086657 1.1504634 0.000500251
1.5107832 0.41105296 0.000509508
3.1926959 0.77940121 0.000500803
0.49255286 1.2027169 0.000505086
0.58193815 1.5749118 0.000501407
4.5574736 2.4090431 0.000500966
4.9318292 1.8747629 0.000501676
0.65528736 1.868567 0.000501838
1.9111181 2.0843944 0.000500276
5.5655059 2.7393292 0.000501032
5.9068225 1.0333711 0.000499534
4.5013612 1.4190679 0.000501359
2.3398757 1.1178101 0.000501405
4.2259657 1.8830532 0.000500043
3.9790191 1.3375051 0.00050042
0.27862785 0.66427755 0.000500941
3.9538863 0.95959948 0.000500337
5.8176885 2.3031539 0.000501709
6.0033567 0.28695307 0.00048724
2.3292815 1.3818801 0.000506269
2.1954497 0.60475484 0.000492921
4.7323555 1.6548165 0.000499024
6.1671907 1.88424 0.000500438
6.0738854 0.71708249 0.000501882
2.7810949 1.328419 0.000501429
5.2703358 1.6454039 0.000501035
1.6753154 1.6952662 0.000501101
0.19842997 1.3238881 0.00050213
1.6548584 2.6478216 0.00050046
0.43809335 1.779974 0.000501546
4.0309252 1.0906004 0.000499694
5.0237034 1.239861 0.000500754
4.1194308 0.58977293 0.000499537
3.2691762 2.0051739 0.00050068
1.5685169 1.4080828 0.000492186
0.083494632 1.7559234 0.000501424
3.1797979 2.8254088 0.000499644
2.0173912 1.3564472 0.000500626
3.1016072 2.3649909 0.000502089
4.982182 1.024222 0.000501395
2.2694516 0.98742701 0.000501392
0.19230038 1.9933929 0.000503268
5.1638882 1.5506692 0.000500388
2.1754656 1.023756 0.000501437
3.9935053 0.53459784 0.000503463
0.23878024 1.401262 0.000501791
3.4944633 0.95629731 0.000502509
2.9427997 2.4616473 0.000500443
5.6401537 0.46765399 0.00050042
3.4184542 2.7024329 0.000499798
5.1843784 2.7346517 0.000501108
0.33610853 2.76797 0.000491614
1.6925313 1.8633833 0.000499598
1.2907635 1.0716287 0.000497999
4.8136006 1.6866024 0.000499158
2.5937338 0.59386922 0.000502264
1.8969984 2.3748521 0.000498659
4.1075102 1.1445782 0.000499488
4.8929607 0.72382818 0.000501293
6.1120558 0.15652078 0.00050095
4.4510608 2.2864511 0.000500921
4.2716933 1.4025937 0.000501123
1.0721802 1.891361 0.000496877
2.2959108 2.2860672 0.000500173
1.91508 1.7926975 0.000496503
1.4542415 1.0125597 0.000501126
2.1746104 1.6256014 0.000498008
1.1976432 1.0789992 0.000503217
1.2218945 1.5394991 0.000502353
1.853051 1.9232481 0.000489825
4.5437727 1.9888725 0.000501112
3.9145117 1.5819542 0.000501879
2.9330258 0.64080287 0.000488179
1.2975895 1.7507223 0.000502169
3.1205614 2.9114535 0.00050003
4.7228959 1.4675758 0.000499149
3.5547121 1.744762 0.000500515
2.3496844 2.6543491 0.000496637
4.6171813 0.96362071 0.000501531
1.9720126 0.41290301 0.00050159
4.9911879 0.87668237 0.000500648
4.9702788 1.4473282 0.000487019
3.367735 1.8886033 0.00050052
5.2960445 1.048058 0.000504585
5.3428892 1.8807493 0.000499063
2.3745903 1.8975394 0.000500072
5.4788329 1.0928082 0.000496329
1.7888054 0.8649014 0.000501219
6.2307731 2.3912407 0.000501416
0.06795038 0.94259299 0.000499815
6.2257116 2.7609538 0.000498134
4.8877073 2.3956564 0.000486151
4.1445461 1.909652 0.000500773
2.8058437 0.64859577 0.000491203
3.2626661 1.0755574 0.000499615
3.0714828 0.93036696 0.00050111
0.66307676 1.7207533 0.000502059
1.2798377 2.2559428 0.000500404
4.356272 1.3779182 0.00050059
0.55090794 1.137253 0.000499374
5.064579 2.0597678 0.000500828
5.1616193 2.0806594 0.000503299
4.9744502 1.3082796 0.000500426
1.7610896 0.39154367 0.00049529
3.4481772 1.5565754 0.000501827
0.94806809 0.3459644 0.00049591
1.0510949 0.64015012 0.000501553
3.0988495 1.5161623 0.000489584
5.3334644 0.54670693 0.000501325
5.2422884 0.67994537 0.000500289
2.16824 1.190346 0.000501118
4.8965387 1.4716861 0.000507678
3.4042123 1.716383 0.000501542
2.9560642 0.30341676 0.00050241
4.9509406 1.9576136 0.000501242
3.7273601 1.7025844 0.000501206
6.126001 1.3041484 0.000497714
3.6937625 1.0077898 0.000500906
0.8478443 1.4265012 0.00049974
1.866298 0.55799223 0.000501173
1.148671 1.4967699 0.000502077
2.4708103 1.304974 0.000496021
6.1760221 1.3774365 0.000499405
3.708336 1.1809299 0.000496449
2.556122 1.8755657 0.000500401
1.7875662 1.982537 0.000499104
4.3532002 0.14083847 0.000501414
2.4461313 1.7427898 0.000501259
0.9324055 1.2629063 0.000502378
6.098512 1.7340789 0.000501014
0.78522189 2.558164 0.000500341
1.8710977 0.63850602 0.000503604
1.5183736 1.6256014 0.00049975
3.2964906 1.5220196 0.000500655
1.1461054 0.27710593 0.000495324
1.2177721 2.1237166 0.000497094
6.2593441 0.78781544 0.000501519
1.7039266 1.9501611 0.000500674
5.2696028 0.37936477 0.000500337
0.70219483 1.7960834 0.000501895
0.41146137 1.4181446 0.00050126
2.5756871 0.9052569 0.000500994
0.15516902 1.2484445 0.000500648
2.965105 1.9177678 0.000501412
3.2304648 2.2593287 0.00050095
0.65890717 0.61654978 0.000502006
2.6373845 0.51513567 0.000499942
0.58751273 2.0942729 0.000498023
3.9627003 0.70627541 0.000500842
3.5121086 1.6115253 0.000501482
0.70681122 2.4828705 0.000503412
5.1741507 1.1794377 0.000502475
5.4094386 2.1882589 0.000496482
3.4992804 1.3989948 0.000498358
5.7834452 2.2197272 0.00050188
3.4637281 0.27893329 0.000494414
1.3781469 2.7012984 0.000495705
4.9969126 1.8140778 0.000502119
0.15236759 1.3940591 0.000501864
5.6903319 1.2029438 0.000502541
3.5767381 1.6657789 0.000501143
5.3047188 1.5016743 0.000501081
0.28618164 1.3317805 0.000501529
2.7567301 0.72953192 0.000498916
4.2035731 2.0527865 0.00050181
4.2465431 1.485893 0.000501565
3.5788674 0.59196332 0.000500936
4.3405466 2.4173683 0.000502465
1.3722721 1.7100596 0.00050163
5.1214942 2.216987 0.000495987
6.2579304 1.5308126 0.00050065
5.3860163 2.7017697 0.000500951
6.1342738 2.8426178 0.000499988
0.52866023 0.65209341 0.000501118
1.1484546 0.19950859 0.000497679
2.1967936 1.9232132 0.000501153
1.5970845 0.17452821 0.000502213
4.85212 2.6774572 0.000501262
5.0397604 1.6757587 0.000499882
5.0388877 1.978226 0.00050074
1.2270991 1.4567024 0.000498009
0.30434877 0.74418745 0.000499981
2.8332279 0.79906758 0.000499727
1.4262377 1.1530256 0.000497643
4.5802152 1.613433 0.000482706
5.2762874 1.4203332 0.000501304
2.4890839 1.2240971 0.000499129
0.20402201 1.1805512 0.000499812
3.8309453 2.3579224 0.000484103
5.992012 2.2472161 0.000501328
5.1467665 0.20775003 0.000500254
2.1548882 0.44531029 0.000501785
6.2436536 2.0347921 0.000496373
5.6638552 0.38430405 0.000499192
5.697575 1.965904 0.000501028
4.9904723 2.8913823 0.000501951
4.1987037 1.6518634 0.00050116
4.894933 1.7091765 0.000501264
3.9608502 0.19587481 0.00050213
3.17807 0.92740688 0.000500584
2.2634477 2.1427407 0.000499855
1.323375 0.78375581 0.000501667
2.8187242 0.2215329 0.000502521
2.7061156 1.7146848 0.000501071
3.1667428 1.0757564 0.000501099
0.67125188 1.5774757 0.00050127
0.7992648 1.6495281 0.000502358
5.2090573 1.7097158 0.00050127
2.7105487 2.6967955 0.000500027
5.5848616 2.1724986 0.000501858
5.5465865 2.5703289 0.000501497
3.3474193 1.3697047 0.000496047
2.084342 0.64715761 0.000487489
0.36243158 2.526015 0.000492656
4.8277203 0.80001181 0.000501272
5.5236355 1.9192339 0.000499083
0.20675868 0.50317668 0.000502362
1.1462171 1.5834151 0.000501612
4.7798634 1.9089713 0.000500848
5.1042503 1.9167729 0.000501159
3.6857689 1.8628074 0.000498868
3.127438 2.2818609 0.000500997
3.6143325 2.2004588 0.000502072
5.1852336 1.0442898 0.000497482
1.8067474 0.9480611 0.000501604
3.4205486 2.5361903 0.000498871
0.62876184 0.86857532 0.000500645
3.4247723 2.8734403 0.000498166
2.7438321 2.9226935 0.000500699
3.8320275 1.6028476 0.000501689
2.5581116 2.1729 0.000509085
1.5230563 0.95070877 0.000501414
1.1473917 1.1533851 0.000498231
1.0817917 0.4248463 0.000494797
6.0200246 2.620577 0.000500792
0.87774353 2.2517714 0.00050112
3.3009936 2.4839351 0.000501731
2.8116905 2.4682621 0.000499272
4.5415736 1.9053934 0.000500489
2.5074622 1.144175 0.000500261
4.8032508 2.4602336 0.000495851
0.30904196 1.6991304 0.00050121
2.6651701 1.192093 0.000501207
0.36179803 2.854486 0.000498686
4.0986963 1.7628 0.000501481
3.8447858 0.49377459 0.000497747
6.0769921 1.8773285 0.000501396
5.098927 0.8855853 0.000499447
4.3654175 1.6041915 0.00050183
4.2448851 2.366457 0.000501731
0.61679063 2.1737378 0.000503695
1.7353634 0.61572423 0.00049903
5.9991504 1.5020914 0.000494849
1.3921462 1.9618024 0.000500073
2.0639217 2.620577 0.000503735
3.329425 2.2321365 0.000500667
3.5398244 2.4142267 0.000503365
2.4418727 1.3867007 0.000490822
5.3054344 0.46369384 0.000500846
2.3988329 1.4505082 0.00050351
3.5064712 1.9986638 0.000493324
4.985341 2.3584983 0.000507108
3.4950218 0.43048371 0.000495252
5.4449037 1.4562783 0.000501906
5.1411815 0.96609734 0.000499647
5.188829 2.4327795 0.000499409
1.4856731 0.65288928 0.000500996
1.5366402 0.51016149 0.000495498
3.900776 2.2038796 0.000498144
4.7369981 2.213636 0.000500476
1.8148632 2.4414713 0.000498368
5.211431 0.59916804 0.000500725
1.1137714 0.56473444 0.000501366
3.4544429 1.0951191 0.000496923
5.5641969 0.96205166 0.000493494
5.4845226 0.66912084 0.000501408
5.8107945 1.3910815 0.000496993
0.37396123 1.3397112 0.000501621
5.0188863 2.5311288 0.000497868
0.53948651 1.5029292 0.000500462
4.6617046 0.88592389 0.00050098
4.2413246 1.7963103 0.000500623
0.53140738 0.73458639 0.000500871
4.4355623 0.69458694 0.000496142
5.3732928 2.1126338 0.000508531
4.1349293 0.97900579 0.000501333
6.1538564 1.6686831 0.000499909
2.8200856 1.0219723 0.000501816
4.8387857 2.238123 0.000498967
6.0573746 2.0251753 0.000500568
6.1000654 2.103977 0.000500269
0.34129564 2.2242476 0.000499876
4.0792184 1.5350799 0.000501785
0.25418103 0.1903491 0.000497752
1.2834366 1.2334713 0.000506838
1.7602518 1.1661697 0.000501925
2.0095721 0.58357876 0.000508696
1.2971304 2.1731618 0.00049902
6.1624085 2.3248658 0.000500389
3.7776954 2.7094491 0.000505006
5.1752503 0.81940939 0.000499552
6.1016711 1.0156053 0.000501582
2.0114396 2.0881294 0.000500316
1.2313612 2.0389984 0.000495809
3.6476683 2.8180784 0.000488751
0.57422031 3.0207984 0.000501504
2.8851514 2.5416008 0.00050166
5.5406175 2.4856805 0.00050059
3.8528318 1.5215431 0.000501417
4.8475124 1.8515151 0.00050139
2.3926544 2.0463287 0.000499151
3.5140459 1.908535 0.000495751
4.2785874 0.79396424 0.000499414
5.2599337 2.0939762 0.000498745
5.5369349 0.15812439 0.000499119
3.1713854 0.47713637 0.000502043
2.7784769 2.166739 0.00050238
4.3812477 1.0742257 0.000501582
0.26246959 0.27995779 0.000497738
2.8509953 2.0080013 0.000500735
2.0107415 1.8011798 0.00049497
5.7814381 1.5318877 0.000501459
0.81925755 2.1789389 0.000501799
1.4684921 2.4396561 0.000502647
1.2234269 1.3729702 0.000497845
3.8614537 2.2831176 0.000496964
1.7417007 2.122268 0.000501564
0.15927491 1.102521 0.000500256
4.2375547 1.2607037 0.00050103
5.5833083 1.8594214 0.000500343
4.5155682 0.44845013 0.000501088
0.4357389 2.459867 0.000505767
3.749037 1.6227722 0.000501361
1.0640417 1.629401 0.000508919
4.1957017 1.1185763 0.000500532
3.0205366 1.0064267 0.000501757
6.0219793 1.1709327 0.000500833
0.68927415 1.2138625 0.00050545
1.5394258 1.337554 0.000503076
1.7728531 1.8951134 0.000497278
4.7481159 1.7406099 0.000502505
1.9563745 1.5684366 0.000497069
3.6445267 1.4269288 0.000501844
4.6190488 0.28149194 0.000502371
1.4878792 2.8662495 0.000499415
4.4790559 0.83532505 0.000500747
1.7541955 2.277515 0.000488887
4.9869467 0.1244905 0.0005008
2.7544612 1.1794603 0.000501548
0.98562408 2.2406886 0.000501959
0.055950543 2.0400106 0.000487598
2.5804169 1.4352436 0.00050059
0.12136496 1.8311122 0.000501045
4.0187079 1.4769517 0.000501639
0.70805913 2.6367213 0.0005012
5.7250465 1.5944473 0.000501631
4.620288 1.3264118 0.000500672
2.7914796 0.35949594 0.000493528
0.78811215 1.9478224 0.000504274
5.668812 1.6563384 0.000501711
5.5997318 1.1914316 0.000497921
4.9133986 1.7921041 0.000501771
2.9301635 1.7685421 0.000501613
5.4721308 1.5375461 0.000501842
2.4929759 0.84606581 0.00050067
1.3901303 1.0769537 0.000500228
1.2222558 1.6235053 0.000499549
0.75284603 0.75329632 0.000500983
4.5453261 2.0718629 0.000501313
0.96214766 2.0946045 0.00049749
4.4133792 1.4371076 0.000499719
5.5304597 2.3997928 0.000501727
4.7100328 0.42880122 0.000501404
1.3731797 0.85901266 0.000501711
0.51461033 2.1642606 0.00050435
5.8380391 0.97030882 0.000502076
4.0829011 0.67466226 0.000498752
3.7208674 0.62159727 0.000502458
2.6650829 1.4213316 0.000501411
5.9774909 0.87395442 0.000501534
2.4165305 1.1675083 0.000499525
0.096815683 1.6113892 0.000501542
0.80816075 1.3532445 0.000502317
0.23200836 2.0691751 0.000497479
3.1735671 0.24001244 0.00050118
5.5863626 1.41331 0.000501321
0.25991269 1.7675822 0.000500866
3.7004122 2.2415438 0.000486184
0.84331342 2.4791355 0.000502316
0.80055809 0.59012375 0.000501504
1.149987 1.005362 0.000502155
1.8719005 3.0204319 0.000501556
0.45083251 1.4957856 0.0005006
3.2503267 1.2258809 0.000500072
2.9119422 2.3114442 0.000500156
2.4948958 0.45472983 0.000500865
2.0566087 1.864989 0.000497868
1.8040945 1.5025941 0.00050024
0.49235564 1.5703146 0.000501097
4.7723759 1.529329 0.000484937
3.6169331 3.0376583 0.000501068
4.7731963 2.602059 0.000500502
3.8498473 0.66086892 0.000501703
3.6144198 1.0556188 0.00049552
3.9557713 1.7251026 0.000501981
5.9878756 1.8676594 0.000501881
4.1602192 2.3087739 0.000500079
0.13269442 0.87180418 0.00050011
4.1657868 0.81458705 0.000501044
1.351117 2.4705834 0.000497373
4.8808482 1.0211398 0.000501542
0.87615354 2.6305428 0.000500656
3.3616438 1.5794252 0.000501764
5.8691583 1.1130785 0.000499176
1.7587857 2.5826684 0.000496578
2.4726778 0.53550018 0.000500003
5.2448366 0.98263084 0.000493331
5.9133326 2.6940204 0.000501089
3.5480624 1.1264791 0.000504249
2.3623904 2.5706431 0.000485713
2.3223875 1.8312518 0.000500995
5.6965452 1.514136 0.000500848
2.6516264 0.96816206 0.000501306
4.3720149 2.0737304 0.000500946
2.5111623 1.5876963 0.000502616
2.4234246 0.70530326 0.000499806
2.2531503 1.6149532 0.00050129
1.9707036 2.0150175 0.000498204
0.64817689 0.69950702 0.000501831
2.4278228 1.9633383 0.000499049
4.0011499 2.1861471 0.000500573
0.95991014 1.7908998 0.000494072
5.4858142 2.1422695 0.000499355
5.9531435 2.5445504 0.000500696
4.212579 1.3446209 0.000500948
3.0648156 1.5960268 0.000497192
3.0720064 2.1347297 0.000501187
0.5401253 2.6307348 0.000501385
5.2318862 1.7888927 0.000501233
0.60740949 1.9405269 0.000502259
0.013707886 1.9646124 0.0004972
2.8142212 0.50316446 0.000498629
3.8892917 2.4304233 0.000496914
4.2983271 1.9393924 0.000500534
6.0316834 1.5819071 0.000500167
6.1348847 0.4959196 0.000500249
6.0696268 1.2415976 0.000505057
0.32135351 2.062665 0.000485972
5.1028017 1.6148833 0.00050033
2.5508162 0.37173244 0.000500412
3.582009 1.9625529 0.000484706
5.9535973 0.50591859 0.000500469
4.6971173 1.8824249 0.000500239
2.8462655 1.7776527 0.000501568
4.5634949 0.67239158 0.000499207
3.1351873 0.70491405 0.000499624
5.037666 0.95466892 0.000501047
4.1025884 1.4524962 0.000501434
2.7854931 1.100294 0.000501816
1.1529348 1.9132299 0.00049189
5.3303228 1.5821357 0.000501335
3.9137612 1.2779423 0.000495255
2.0075999 1.1886251 0.000501712
0.75949573 1.2817 0.000498318
0.30105184 1.1857959 0.000503404
2.9894698 1.8371859 0.000501565
1.1471683 1.9931311 0.00049193
2.7896645 2.7732584 0.000500685
3.8570729 0.83184836 0.000501561
3.3537374 0.86054855 0.000501166
5.9483613 2.1669659 0.00050127
2.3871566 1.3306128 0.000486887
1.7046788 0.91718972 0.000501387
4.6764177 2.4379283 0.000499061
4.4486523 2.3730369 0.000501443
5.8683904 1.7746333 0.000501664
4.4288428 1.665374 0.000499681
2.1702995 1.359704 0.000501126
4.9332429 0.94879414 0.000501478
0.60284021 2.3256861 0.000501517
1.5671329 2.1344679 0.000502652
1.5249954 1.7084295 0.000500695
0.76383288 1.4320269 0.000499267
2.1711198 1.10653 0.000501417
4.3313662 2.5044602 0.000503893
1.4519499 1.7513681 0.000501217
2.1888523 1.5430473 0.000509441
3.5998463 1.8797545 0.000495479
3.4233586 1.0166892 0.000499648
3.2846747 2.568828 0.000500288
4.12067 0.3615659 0.000503165
0.45326026 2.2311242 0.000498543
4.4550576 2.201506 0.000501022
4.0219716 1.1737165 0.000496716
3.4231666 0.56771197 0.000502582
1.051156 1.0123224 0.000500234
0.50794143 1.0689967 0.000485541
0.84728405 1.2753138 0.000501225
6.2587158 2.1794101 0.000495996
0.045867951 2.2354352 0.000503191
1.7543875 0.69608617 0.000501331
5.8485634 2.844206 0.000501016
2.7678129 1.5575667 0.000501306
4.1569379 0.51339384 0.000496489
1.4390467 1.4958205 0.000496009
5.583605 1.6373387 0.000501743
2.0895954 1.2307154 0.000501682
2.1446606 1.8538364 0.000503547
2.0319821 1.6051619 0.00049187
0.61518842 1.7918074 0.000502033
4.1911988 2.1371906 0.00050153
1.3085466 0.42080063 0.000496291
3.1289041 0.85466854 0.000500395
2.8783272 1.9280652 0.000501315
0.22129728 1.6923882 0.000501337
5.7729034 2.7632053 0.000500839
3.6120811 0.67478443 0.000501335
0.67921582 1.0795699 0.00048522
1.9307705 1.233569 0.000501563
1.2767136 0.56357903 0.000501857
1.8331193 1.7619971 0.000500615
4.4458074 1.1357782 0.000501838
3.1360425 2.5943621 0.00050032
5.317931 1.8026459 0.000500206
1.0779921 1.7081817 0.000490173
3.1103862 0.15484317 0.000501309
2.1402973 1.7132623 0.00049542
0.4041083 1.563356 0.00050108
1.6162709 1.2775705 0.000500634
3.0514464 1.9032466 0.000501682
3.5446066 2.4993464 0.000497029
4.1951956 2.5411645 0.000505391
3.7702777 1.5418256 0.000501843
1.5720093 2.3907869 0.000500117
3.4827173 2.9562212 0.000500463
1.9228467 1.1498875 0.00050183
2.2018725 0.69177696 0.000497272
1.8859504 2.220914 0.000507038
4.3874959 1.5207176 0.000500754
5.2043449 0.90046248 0.000496545
3.8259712 2.1444337 0.000503605
2.8004855 1.4775975 0.000501831
6.1040098 2.3991296 0.000501104
3.8733918 1.4399193 0.000500973
4.1179473 1.6777047 0.00050177
5.8095029 1.6121013 0.000501919
2.8663891 1.3181128 0.000501439
3.7545872 0.26916468 0.000501313
2.7168668 1.4888409 0.000501625
4.2804025 1.625844 0.000500026
0.77438514 0.67144911 0.000501386
5.7703901 2.4517862 0.000501579
2.3247088 0.56609929 0.000498168
5.5017665 1.3937676 0.000501895
5.7531463 1.4520476 0.000499743
0.63671182 1.1470409 0.000494137
2.1020746 2.8528105 0.000501836
1.1016344 1.0827342 0.00049989
0.41007383 2.6946836 0.000506967
5.7544902 2.1358118 0.000500838
0.67295533 0.53346861 0.000502122
2.5276207 1.3696576 0.000499045
5.0824162 1.835842 0.0005012
4.7012538 1.5606245 0.000508762
3.5290383 0.19738103 0.000498735
5.2214143 2.3528609 0.000490542
1.9731471 0.68410274 0.00049461
3.2222269 1.0010877 0.00050035
6.2076649 1.1601937 0.000500904
3.8479972 0.57686972 0.000500509
1.1902308 1.2233833 0.000493504
0.5464015 2.7868545 0.000494467
0.27838176 1.4783619 0.000501904
3.2552659 2.0911488 0.000500292
2.682414 0.88887699 0.000501066
4.7295456 2.7429071 0.000501673
0.78849787 1.7981255 0.000501551
4.0614859 1.9342611 0.000501245
4.7361953 0.20037078 0.000500426
5.6419164 1.0288018 0.000508842
4.9293509 1.2365518 0.000500261
1.0568667 1.3089934 0.000492557
1.0677366 1.4653505 0.000502579
3.0050206 1.3808888 0.000501148
4.6676736 1.7141228 0.000501165
0.38836194 1.8486702 0.000500981
3.5158611 0.73186542 0.00050142
5.8207952 0.74552961 0.000501241
3.7576764 2.8914521 0.000496293
2.9458889 2.2309497 0.000501862
0.064534422 1.2406848 0.000500937
1.2418786 1.1543206 0.000503894
1.3805746 1.3709247 0.000498372
4.261361 2.2777594 0.000500601
3.6015567 1.2917234 0.000497834
4.2825842 2.1071535 0.000501466
2.4019047 1.2481408 0.000497414
5.6654958 1.1263343 0.000496263
5.9398092 0.95350653 0.000501187
5.1288594 1.9985416 0.000500772
2.012033 2.5305878 0.000499304
1.6674125 2.3368562 0.000497632
5.1067985 1.3886625 0.000499401
2.2559253 2.3672948 0.000500593
0.95918409 0.79648973 0.000501536
0.63485479 1.3666382 0.00049613
3.620703 1.8002548 0.000498742
5.4597215 1.0063918 0.000497409
3.7304318 2.6189538 0.000501011
4.1747403 1.2023922 0.000500581
5.5544231 1.7784381 0.000501305
4.1762238 2.2225546 0.000501735
3.4458035 1.2493224 0.000506232
2.6400374 1.2727499 0.00050032
2.9013481 1.618203 0.000500803
5.4693732 0.41814424 0.00050026
3.599951 1.5874869 0.000501079
4.350303 2.3290895 0.000501467
1.822211 1.0312819 0.000501842
1.5969047 1.6615377 0.000500509
1.0778124 0.78522887 0.000501645
2.7903277 1.7070489 0.000501507
2.8502972 1.5475171 0.000501224
1.6855901 1.7798868 0.000501973
0.88162689 0.42795822 0.000500571
0.30906639 1.0497405 0.000494104
1.7537592 1.7287678 0.000501113
1.0611166 1.793797 0.000513572
5.5693456 2.0897351 0.000498361
1.4162369 0.93530624 0.000501534
6.2000727 1.0131776 0.000501758
6.2545794 2.5401173 0.000500711
2.1844366 2.2973769 0.000500778
5.8751099 2.0025559 0.000501488
5.4738761 1.3126761 0.000501418
1.9221137 2.594781 0.000487765
1.3039529 1.8331019 0.00050034
0.33674732 1.2629202 0.000500719
3.8736536 1.7460797 0.000501761
1.1952224 2.2046825 0.00049983
3.9422624 1.1252714 0.000492565
5.9984174 2.7708324 0.000500186
4.5771434 1.0413786 0.000501889
5.232532 2.2424165 0.000502814
2.8802296 1.0905306 0.000501983
0.2698471 1.6237304 0.000501586
4.3586631 0.22547734 0.000499693
1.6880336 1.2205157 0.000501559
5.4059479 1.8192963 0.000500581
0.015123034 2.1083752 0.00049033
0.55805158 2.2443189 0.000501666
3.115849 1.96737 0.000501488
5.5343518 1.2515163 0.000500403
4.2230161 2.4553292 0.000502836
5.5751052 0.8824629 0.000498326
5.4404007 1.6795827 0.000501793
1.880121 1.5354133 0.000499407
1.2647406 0.70958455 0.000501259
0.41257664 2.3790758 0.000497892
0.37556868 1.9936722 0.000496608
1.5904435 1.5778038 0.000499097
1.4715918 2.2637269 0.000500298
0.31439488 0.36382959 0.000501607
0.25507289 1.1143229 0.000497839
2.8414135 2.2393447 0.000501831
4.015671 2.4199863 0.000500503
3.7914136 1.4600761 0.000501954
4.3403371 2.6760086 0.000500799
3.384333 1.5011874 0.000501769
4.8315601 0.64911587 0.000500878
1.6271164 0.97243288 0.000501238
5.6978542 1.7372065 0.000501535
3.9565567 0.87558456 0.000501069
1.597924 0.89157352 0.00050149
4.6557356 2.3532449 0.000499485
0.84384575 0.81328852 0.000500867
4.9062951 0.57334939 0.000500668
0.021793926 1.4593763 0.000500484
3.9353684 1.2022805 0.000486992
3.0482001 2.2172663 0.00050179
5.1550394 2.2931183 0.000486448
3.0166794 2.7632053 0.000500824
2.8189685 1.8565416 0.000501344
3.7869281 1.0476199 0.000498456
2.5412692 2.0963673 0.000485379
1.9331965 1.9389735 0.000487491
1.3944256 2.0486326 0.000500603
3.0711512 1.0784302 0.000501707
1.9974246 1.0214382 0.000501853
3.0875922 2.6783823 0.000500536
2.8785541 2.1605605 0.000501836
1.2140493 3.0886219 0.000501601
3.7056831 0.11820033 0.000500595
4.3662902 2.1572619 0.000501232
3.2211273 1.8600148 0.000501637
5.1864902 1.6304412 0.000501079
4.4079687 3.1079078 0.00050143
3.0948004 1.3822711 0.000502578
5.9233159 1.7105797 0.000501273
5.3800647 1.7406727 0.000501151
2.55312 2.4600241 0.000485175
3.7499446 2.4119578 0.000494946
0.52252365 0.48701144 0.000500451
5.2553609 1.8682528 0.000501067
2.1936869 0.77631372 0.000499518
3.0112689 2.993868 0.000501186
4.6413366 0.50866225 0.000502996
4.2724264 2.191767 0.000501469
0.57047483 2.4767444 0.000504741
0.55225883 0.24268978 0.000485308
0.5208621 0.40371909 0.000498981
1.9140328 1.0663543 0.000501967
2.1467724 0.35825152 0.000500702
1.9486601 2.4527461 0.000500594
3.5458807 0.813484 0.000501226
3.8893964 1.978034 0.000502051
2.0702048 2.3010072 0.000499301
2.108829 1.9337026 0.000498738
4.7639635 1.8247068 0.00050218
3.0397003 1.3067455 0.000500927
1.4464661 0.79385952 0.000501784
3.9986191 1.8715515 0.00050071
4.3403371 0.63258586 0.000486253
3.2043198 1.6312336 0.000496617
2.0923356 1.3147513 0.00050122
2.0861571 0.9801996 0.000501333
1.0380101 2.6123565 0.00049961
2.6700396 2.019503 0.000500337
3.7079345 1.4832244 0.000501544
6.0433596 1.8006562 0.000501488
2.9526259 1.310203 0.000501114
3.4306192 0.79480898 0.000501869
1.9709654 1.6542231 0.000498454
5.6111637 0.63308677 0.000501012
0.39403775 0.61291076 0.00050138
2.0303764 1.5227526 0.000499341
3.7905933 1.7649293 0.0005013
4.3053782 1.5446094 0.00050174
3.3422532 2.0633981 0.000499303
4.0849082 0.27432736 0.000497542
2.1103649 1.5640332 0.000498421
1.4780984 2.0932432 0.000501793
4.0804576 1.8484084 0.000500981
4.0680832 0.75882727 0.000500332
3.4345113 1.9441397 0.000499251
5.4151458 1.1511721 0.00049956
5.6831935 2.198504 0.00050201
2.6476121 0.29131814 0.000498837
3.5226504 2.2461515 0.000503446
3.8320798 1.9123922 0.000499154
5.9919771 2.920983 0.000501199
0.11183791 2.5231701 0.00049706
0.80753766 2.7108279 0.000503625
4.3363403 0.93370577 0.000501028
2.2927518 0.82309204 0.000500557
5.4332972 1.897871 0.00049935
5.6121411 1.7176937 0.000501602
1.2952629 1.5805178 0.000501328
1.3410761 2.5504845 0.000491875
4.5777717 2.4945816 0.000500311
1.8191916 1.6742961 0.000498575
2.9882655 1.233042 0.000501428
5.1287722 1.1080188 0.000499518
0.42412548 0.77656156 0.000500835
1.7675997 1.8137462 0.0005027
1.5851168 1.4937226 0.000496278
1.0951051 0.93348237 0.000501957
1.8763686 2.0074253 0.000496586
0.37974699 2.6119201 0.000500648
6.1454963 0.93848797 0.000501398
5.5562557 1.5563555 0.000502074
1.1947669 0.49117405 0.000500436
6.1550956 1.0886264 0.000502617
0.19538786 2.3646942 0.000498131
5.2365986 2.6532495 0.000500537
2.5223498 2.6831121 0.00049985
2.2389258 1.4839226 0.000486005
3.9967865 1.5592911 0.000501997
6.2624159 1.3822152 0.000500554
4.0396693 1.008083 0.000501006
3.0209555 2.2993666 0.000500812
2.0125392 1.2724655 0.000501354
4.8817383 1.1652691 0.000501174
0.34740953 0.44812027 0.000501054
1.8117565 2.067168 0.000500274
1.1449883 1.320647 0.000509045
3.2003928 0.62758375 0.000498062
5.3168838 2.3175354 0.000498632
5.9467556 1.5671329 0.000498837
4.1301995 1.9948415 0.000501252
0.34848117 1.7741795 0.000501439
1.3076513 0.92717649 0.000501181
3.7111983 1.0913666 0.000496659
1.0753427 2.5276731 0.00049902
1.0553709 2.0708506 0.000503042
1.2958948 1.6667144 0.000501374
2.0954423 1.3991432 0.000499761
0.53294152 0.3201632 0.000495076
5.1917437 1.4038922 0.0005006
1.021899 2.3867901 0.000500817
3.4238124 2.2004239 0.000500003
1.3785448 1.7930989 0.00050109
0.97667752 1.3332762 0.000503067
5.7266522 1.8196279 0.000501507
4.1211587 1.0613138 0.000500851
6.207438 1.6010952 0.000500351
2.6064747 2.3883958 0.000506846
2.578916 2.0198695 0.000496621
4.0574542 1.6183915 0.00050205
4.1335505 2.3976984 0.00050155
3.6770946 0.45023561 0.000501971
2.9783869 2.6118678 0.000499681
5.6101514 1.9437732 0.000500886
3.8656425 1.0039465 0.000500759
2.226534 2.2201286 0.000501902
2.8446947 1.1688994 0.000501695
4.4614804 1.8716911 0.000496293
2.2157653 2.5994585 0.000497344
6.1200843 1.594374 0.000499095
4.5514696 0.89848328 0.00050128
0.52732331 1.7859605 0.000501679
3.7063987 1.7823128 0.000500515
4.677622 1.0302731 0.000501621
4.3750692 3.0208159 0.000501292
4.7258804 2.131431 0.000500955
0.07011389 2.3774002 0.000498533
4.4055601 0.054470504 0.000501259
2.7326795 1.8635055 0.000501413
0.67980051 2.100207 0.000499369
1.6327869 1.3551208 0.000499308
5.8691234 0.8888927 0.000501761
3.4485088 1.8553548 0.000498472
2.3603135 2.1290573 0.00049776
2.6535462 2.6175925 0.000496882
0.72794192 0.36307037 0.000499767
4.8305303 1.7689261 0.000500907
4.306024 1.8546218 0.000498781
2.9755246 1.0832194 0.00050189
1.1527446 1.4149175 0.000497685
3.097942 1.7399885 0.000501002
2.6753279 0.65953724 0.000497113
4.1845141 0.73197189 0.000500427
1.7374037 1.5569716 0.000500274
1.241163 2.420091 0.000500321
2.4500758 0.61862846 0.000501354
4.5952599 0.81958742 0.000500404
3.3401239 1.2246836 0.000492608
3.377631 1.2932977 0.000483966
0.51222272 1.2795515 0.000496078
0.94801049 2.8611881 0.000499821
1.8446559 2.1463536 0.000502283
1.4414046 1.5834639 0.000500319
1.1895553 2.582808 0.000496323
0.15644939 2.7326969 0.000490532
0.94510801 2.3205025 0.000501673
2.7169366 0.80935455 0.000500485
5.2212048 0.29297969 0.000501293
4.7534217 0.57602323 0.000499855
0.67713888 1.436872 0.000498592
4.5882961 1.4042657 0.000500582
2.4846507 2.3341161 0.00049543
1.6671577 1.6101378 0.000499924
1.1761023 0.1137007 0.000499054
0.53003555 2.396564 0.000500886
3.0044272 2.0677265 0.000500641
5.8564872 2.3855684 0.000501145
2.3378162 1.9795873 0.000500084
2.5173058 0.76318885 0.00050031
1.0036306 1.8556515 0.000488559
6.0040548 2.0964022 0.000500954
4.7932326 1.9923457 0.00050103
3.3902148 0.93844958 0.00050076
4.7072228 1.9662181 0.000500918
2.1863914 0.85919592 0.000500685
1.7450901 1.082811 0.000501797
4.0976317 2.1638418 0.00050138
0.92247632 0.8766911 0.000501469
1.9160225 0.3277292 0.00049856
1.6024025 1.194999 0.000500458
4.8994708 2.1006259 0.000502043
4.6429772 0.73850466 0.00050056
4.5642803 1.2616968 0.000501444
1.4455183 1.6680321 0.000501519
5.1388602 1.4699669 0.000499207
5.0603204 0.58090317 0.000500846
4.9942073 2.1221982 0.00050164
3.4643738 0.87522153 0.000502165
3.4732925 1.4786168 0.00050106
2.1344155 2.3735605 0.000498757
1.3610479 2.3880118 0.000500011
5.8127318 1.8385996 0.000501753
3.6441253 2.3706284 0.000505722
1.003875 1.7236645 0.000493488
2.3416734 1.6101186 0.000499677
3.3225833 2.3159123 0.000502062
6.1735612 2.4699201 0.000502149
4.6056272 0.58847092 0.000497594
2.6456224 1.8682702 0.000500168
4.7225992 0.95401791 0.000501362
0.53330455 0.817781 0.000499876
5.4787805 2.0651434 0.000493653
4.7602634 1.3913346 0.000502647
5.6229622 1.2695438 0.000500077
0.9934065 2.0126962 0.000486671
5.1464698 1.7734291 0.000500981
0.69331983 0.44944672 0.000502239
1.5553013 1.0302452 0.000500823
1.3684254 1.5396771 0.000498635
3.9476206 1.04396 0.000499174
0.733239 0.83599875 0.000500299
2.7364843 1.6367837 0.00050108
1.778508 2.3617446 0.000496307
3.6559761 2.4605477 0.000497901
6.1003446 2.2528885 0.000500391
4.1390309 1.5933617 0.000501611
1.8617253 2.5185101 0.000497603
0.307719 2.1397737 0.000504732
3.2630152 0.70533991 0.000500324
3.0145676 1.5272731 0.000498891
2.586002 2.5372375 0.000499355
2.9560118 1.6885485 0.000501152
5.2661645 1.1937232 0.000501364
4.6368337 1.1070623 0.000501923
4.7467894 1.2430759 0.00050147
0.86146485 1.040204 0.000498422
0.15959867 1.9085175 0.000499865
0.33670543 1.9179249 0.000499878
2.5850246 2.3102749 0.000484271
5.2939152 1.7242369 0.000500807
4.9464376 2.6070158 0.000500529
1.0063656 1.4086465 0.000493204
1.6597558 0.45730768 0.00048473
3.598642 2.1235246 0.000492482
0.83448729 0.50903924 0.000501346
4.5405788 1.1195729 0.000501965
1.8568383 1.2818571 0.000501449
0.73672617 1.1439656 0.000496453
5.6068877 2.2579499 0.000501404
1.0903665 2.2275288 0.000499255
4.469666 1.4966321 0.000497891
3.8027757 2.4902009 0.000500931
5.7610701 0.078583275 0.000502429
5.0434605 0.35519719 0.000500818
0.63822327 2.557972 0.000499522
3.8534601 1.1950409 0.000508524
2.8813641 0.72140043 0.000496946
3.2342173 1.4565663 0.000501789
3.7374132 0.70649532 0.000502177
3.6638999 1.6430617 0.000500709
0.82087373 2.0241107 0.000496894
0.65096418 2.8691817 0.000499556
0.62355727 1.6471266 0.0005021
3.9362062 1.8086149 0.000501288
1.1763467 2.6679976 0.000498626
3.6800791 2.0905728 0.000487217
0.24367065 2.4937962 0.000486175
1.059839 1.1666566 0.000503746
4.9424408 2.4638639 0.000490858
2.4559401 1.520084 0.000503397
2.349283 2.7360829 0.000499258
0.1082722 1.9761141 0.00049526
5.904222 0.80810315 0.000501925
6.1978911 2.1079214 0.000498574
1.4209808 2.7831544 0.000498813
2.6510679 3.0691091 0.000501413
4.9304504 1.0942988 0.000501398
5.5477734 2.004947 0.000500037
5.2323051 1.1139075 0.000503568
2.9763972 2.1499664 0.000501499
4.5128629 0.97709989 0.000501746
4.2908745 2.0232904 0.000501423
2.0330119 2.9376509 0.000501806
3.8122005 1.376323 0.000502577
1.8075851 2.8701067 0.000502855
3.0744498 1.8215303 0.000501675
0.55375457 2.0128184 0.000499323
5.9946824 0.64901115 0.000501778
5.0922948 2.139093 0.000499171
4.1519638 1.2870686 0.000500507
3.117926 1.1521477 0.000501159
1.8675547 0.72949876 0.000499826
1.3770159 1.2911283 0.00049259
1.6642168 2.1711721 0.000504118
1.2027029 2.74741 0.000499265
0.74289765 1.8724416 0.000501562
1.1442972 2.3663872 0.000500662
2.4034755 0.79070745 0.000500229
0.54576446 1.3608594 0.000497559
1.1995002 0.78100691 0.000501439
3.8866737 2.6418351 0.000492374
2.0866109 0.73203647 0.000497492
3.2855474 1.9186404 0.000501193
5.7494636 0.60572001 0.000501154
3.6060597 2.7418424 0.000490984
5.3825954 0.79580905 0.000500582
4.5987506 1.7693624 0.000498109
3.9701354 2.7258727 0.000498814
2.5988127 1.5790709 0.000500985
3.0158766 0.85971079 0.000500646
1.4593885 1.3988029 0.000507337
1.5340432 1.2565236 0.000498906
4.450991 2.4600241 0.000502556
0.42842248 1.9242779 0.000499804
3.3121986 0.7829198 0.000501104
4.6745677 1.3934499 0.000498753
3.5175889 2.0778843 0.000502941
5.0191131 1.3782813 0.000497808
0.5977648 1.0485886 0.00050578
2.7524715 0.57710708 0.000504334
4.3108062 1.0139927 0.000501208
4.2590223 1.7102708 0.000500395
5.4613447 1.9779293 0.000496086
4.7517112 2.2957188 0.000500349
5.2589214 2.9528004 0.000502245
2.8839122 1.4671971 0.000501903
1.3818208 2.2195876 0.000499635
2.9180334 0.072339534 0.000501528
1.7972528 0.24941104 0.000502601
2.1573666 0.5301647 0.000503867
1.1120889 2.4467945 0.000500555
3.5362116 1.5334306 0.000500941
0.36416818 0.98613372 0.000483676
2.4796067 1.6654281 0.000501628
3.8743342 2.7988449 0.000506501
0.13388141 1.6864715 0.000501414
3.6418389 1.7214846 0.000500132
1.0219479 2.1587978 0.000501616
3.7634186 0.87629491 0.000501587
0.44410077 0.94542566 0.000493517
4.2978209 1.3191617 0.000500995
5.9002426 2.4660979 0.000501264
0.12120736 2.3011119 0.000504772
6.0487527 2.1760416 0.000500937
3.5798099 1.371197 0.000501508
1.2212523 1.7918423 0.000500779
0.87418481 1.7965547 0.000500975
4.8657162 2.5358238 0.000499075
5.4715025 0.92721489 0.000502106
2.5888469 1.7993123 0.000500897
4.1622437 1.5100659 0.000501333
4.7810502 2.9628709 0.000502571
6.1376074 0.64091806 0.000501644
2.4270723 0.22974293 0.000500295
3.4774115 0.64977037 0.000501228
6.0648621 3.0673638 0.000501531
2.4838479 2.0284566 0.000495986
5.7132829 0.30006224 0.000497298
3.5371715 1.2302128 0.000495328
4.211305 0.64771263 0.000495794
3.902434 0.33660594 0.000488833
5.7306315 1.3675335 0.000502391
5.1198535 1.2450865 0.00050143
5.3249472 1.129708 0.000501457
4.996546 1.5195674 0.000490524
5.2871259 0.84129757 0.000496623
5.9454641 0.72799254 0.000501849
2.2999425 2.061356 0.000500481
3.0638033 0.39287711 0.000510057
3.6764488 0.92444854 0.000501251
2.8335595 1.3976754 0.000501932
5.0192179 0.72776914 0.000501166
5.5096379 1.1705504 0.000501538
2.9113488 2.8462131 0.000500422
5.807426 2.5341308 0.000501046
3.6632367 1.9452567 0.000491111
2.5137977 2.2468845 0.000497489
0.66349215 2.252679 0.000501866
5.8986544 0.5847237 0.000501155
6.1071689 2.6933048 0.000500001
3.7961086 2.2234797 0.000495282
1.8735411 1.4504995 0.000501169
2.761617 1.7854893 0.000501574
4.1142646 2.0795773 0.000502085
6.0649842 1.6585305 0.000500871
3.1221497 1.658356 0.000498987
2.4074025 2.2704116 0.000501261
2.3281121 1.2003816 0.000500982
1.4086657 0.33692359 0.000494956
4.4743086 1.2776962 0.00050176
6.2034587 1.9593939 0.000499342
5.9553078 1.7892592 0.000501772
2.3375718 0.40151998 0.000500942
1.0005624 2.6963592 0.000501649
5.7259366 2.0508142 0.000500887
0.80786404 1.50254 0.000502338
4.7791827 1.0233738 0.0005015
4.442596 0.91451937 0.000501399
3.1213119 1.0024002 0.000501255
2.1691476 1.2756856 0.000501846
1.3903869 2.1343457 0.000499837
1.1996765 0.92677507 0.000500832
4.9696156 0.65020321 0.000501057
4.0766528 2.2487695 0.000501957
1.100856 0.029928208 0.000500922
5.4670693 1.7590824 0.000501467
0.11069297 1.1712067 0.000500717
4.1710751 2.7112992 0.000498847
6.0559434 0.57153599 0.000501373
5.9651863 1.1010584 0.000502245
2.7611283 2.0140227 0.000500078
3.9354906 1.5000895 0.000501619
2.1705787 1.4444868 0.000496772
5.4657254 0.33201049 0.000499754
0.16875135 0.95225688 0.000498355
4.5317823 1.3402348 0.000501384
1.1822983 0.35526177 0.000482677
4.3531304 1.1553085 0.00050167
1.7737781 1.2491217 0.000501362
4.8138275 1.4595822 0.000497834
1.7165872 2.5033607 0.000499535
4.2143069 1.036284 0.000500991
3.5146742 1.3103548 0.000504303
0.83034737 1.8733841 0.000500839
3.2445496 2.1752038 0.00050196
1.8135193 1.5892671 0.000500943
4.1912162 0.43521879 0.000483564
0.83867608 2.9442483 0.00050083
1.031884 0.86370061 0.00050195
5.2941596 2.487548 0.000500397
2.9000042 1.2391035 0.000501342
5.2666357 0.76051849 0.000499248
6.2817018 0.64070513 0.000501104
5.771926 1.2273243 0.000492941
3.4251563 2.6193901 0.000501318
0.38264948 2.2944447 0.000492245
5.1685482 1.8530859 0.000500881
4.6955815 0.65669584 0.000500353
5.3309511 1.3564053 0.00050166
1.7433169 1.6422955 0.000499684
2.8124585 1.2482508 0.000501323
0.82982377 2.3292641 0.000501244
6.2590125 1.8904185 0.000499357
0.14076988 0.64810882 0.000500599
3.0139218 1.756831 0.000501216
5.7223936 1.0691311 0.000486196
0.003858574 2.9861885 0.000501184
0.57540015 1.7165366 0.000501995
4.0551154 2.3334878 0.000498913
3.686659 1.5641414 0.000500638
2.1805271 0.94149518 0.000501194
1.2119043 2.8315524 0.000499704
3.867318 2.5640283 0.000506655
6.2391507 0.42161221 0.000496669
2.0182464 1.9360065 0.000497674
4.8182083 0.49883604 0.000502388
0.9291941 1.4221781 0.000497144
4.7339787 1.0981524 0.000501481
2.2840775 2.5075145 0.000492624
3.4390317 1.3443922 0.000494444
3.3388847 0.63366622 0.00050025
5.3101119 2.0298703 0.000495086
1.1427194 2.0698907 0.000486911
2.8734752 1.6983031 0.00050142
2.1051114 1.4853293 0.000499368
3.2073043 1.3045289 0.000499468
2.3690925 0.31494466 0.000500961
5.0683838 1.3111908 0.0005002
4.2627398 1.1775876 0.000501287
1.8406068 0.47512051 0.000497194
2.2516667 1.1519749 0.000500947
4.3766051 1.9909145 0.000500461
2.0055928 0.50055519 0.000500553
5.8997714 1.8547788 0.000501984
1.9854691 0.8548518 0.000501321
0.075440286 0.33726044 0.000504326
4.3405117 1.6832269 0.000498051
1.1716378 2.285753 0.000500343
2.0962452 1.6472365 0.000485772
5.9289358 2.3170468 0.000501523
5.4862156 0.75291235 0.000501139
4.4575185 2.1179745 0.000500794
1.7028008 1.3019947 0.000500715
4.0106095 0.44844141 0.000501376
0.56724771 1.8626677 0.000501808
1.314308 2.001753 0.000498635
1.9720475 1.7330823 0.000483474
1.6519035 1.0544791 0.000501463
2.611955 1.354276 0.000500508
5.7826598 1.7569881 0.000501504
5.7064762 1.2874194 0.000498991
2.6760435 1.7916503 0.00050085
1.1080153 1.2402345 0.00050578
6.0864692 1.5193789 0.000496691
4.584945 1.6924493 0.000495332
2.9127625 2.0798914 0.000500336
4.5668983 2.8016723 0.000501599
0.87392475 0.7325269 0.000500917
0.91899439 1.7180288 0.000496978
1.5293552 0.73140291 0.000501562
5.0590114 2.4427105 0.00050271
5.8459454 0.21839654 0.000495711
0.1478711 2.2222579 0.000497866
4.3603037 0.39293994 0.000495937
5.6469255 2.4295507 0.000501715
0.29797134 1.8433295 0.000501108
1.6586457 2.7995256 0.00049867
1.1458087 1.7521186 0.000498615
5.7263904 2.6808606 0.000501456
4.0223905 2.1032265 0.000502205
1.4513041 1.2357594 0.000497817
0.11418468 1.0225291 0.000500522
1.3859345 1.8768747 0.000500526
5.8433798 1.9203683 0.000501808
2.8200681 2.0880421 0.000499883
4.0371385 1.7022667 0.000501995
1.5817378 1.112047 0.000501013
0.4786199 1.8551803 0.000501053
3.1830617 2.0302019 0.000500872
6.1360366 1.4499689 0.000496424
0.42026132 2.9389948 0.000500562
2.9401293 1.9986638 0.000500935
5.8169381 2.069786 0.000501198
3.0966155 0.55489951 0.000502787
5.2805286 1.9482238 0.000500406
0.046695761 1.6811901 0.000501472
3.7377273 2.3157901 0.000506546
1.2173864 2.5012314 0.000499152
2.0024512 1.1048318 0.000501759
0.88091654 1.945885 0.000505573
1.0099819 1.0956339 0.000502555
0.35703328 1.6311306 0.000501278
6.1650265 1.2325079 0.000500229
5.965675 2.0156633 0.000501225
1.0767739 1.5432393 0.000493089
2.1557434 2.0044059 0.000500343
6.1118812 1.9541928 0.000500797
4.8840247 1.3086147 0.000499028
4.4031166 1.7381263 0.000492708
5.7172099 2.990866 0.000501742
1.6238596 0.67114542 0.000501562
1.6541183 0.75210426 0.000502229
0.61165413 0.95814038 0.000504135
5.8658073 1.5481158 0.00050188
3.0548323 1.4496792 0.00049782
0.88025855 1.1943148 0.000502833
3.7193315 2.1611714 0.000506414
4.4150547 1.2161437 0.000501853
5.4460207 1.2311046 0.000501858
1.5581322 2.0489642 0.000501442
0.97646459 1.6481057 0.000509023
5.7817871 0.52451856 0.000500472
0.60677419 2.7104614 0.000505354
2.726501 2.0926498 0.000498328
0.71172956 0.91918114 0.000499737
3.3001558 1.1506258 0.000497483
1.0075925 0.49869293 0.000498045
0.023878722 2.4583486 0.000500867
5.4950121 1.8384949 0.000500729
3.9770294 0.61949589 0.000503303
0.35764763 1.1175849 0.00050308
4.1612664 1.8232757 0.000500944
1.2270398 1.8714467 0.000499063
3.7702777 1.8464013 0.000500114
5.8529093 2.6149745 0.000501297
6.0353486 2.4721367 0.000500887
3.136985 1.8838386 0.00050192
2.8626018 2.3910313 0.000503014
4.0891668 1.2298253 0.000499481
5.6604344 0.93996452 0.000502921
2.754339 0.95494992 0.000501349
6.18803 1.7426781 0.000500203
3.3411012 1.6597435 0.000502454
3.1520123 1.4607987 0.000507535
1.9592368 2.3000996 0.00049668
5.7398643 2.368342 0.000500974
2.7349484 2.2424339 0.000501582
3.6237922 1.5086417 0.000500363
3.1815607 1.716739 0.000500734
4.8475473 1.387802 0.000499983
1.7954027 1.4170276 0.000501412
0.53447043 1.6431559 0.000501848
1.6062178 2.5640283 0.000500924
4.5257086 1.5559401 0.000494439
1.0657696 1.9723791 0.000501334
5.8863498 2.2359588 0.000501671
3.3601428 1.0848164 0.000501951
0.74971316 1.723106 0.000501637
3.9269036 2.123769 0.00050179
5.0466544 2.2872016 0.000498293
4.9717275 2.0402899 0.000501736
1.5847101 2.4779312 0.000500914
1.1431366 0.85543997 0.000501344
4.7162985 2.0490514 0.000501111
5.7559737 1.9024263 0.000501504
0.89810978 2.3997055 0.000501372
0.24538631 1.914504 0.000499793
5.5236529 2.3147604 0.000498897
2.235313 1.8455635 0.000500002
5.3596792 2.7857724 0.000501309
3.9157509 1.8929667 0.000500212
3.6340548 1.1335704 0.00048386
3.2603099 0.55318909 0.000504603
5.9500369 1.3267382 0.000496678
3.0014427 0.48821921 0.000496904
3.6872 1.2626078 0.000501588
3.0386706 1.6765004 0.000500117
6.0870801 0.86538137 0.000501664
1.6115253 2.9450686 0.000501612
4.8317171 2.819719 0.000501731
0.71550994 2.3309221 0.000501505
1.3645089 1.2150232 0.00048679
1.954123 1.8642385 0.000507378
6.021351 1.9462516 0.000501498
2.3070111 0.73902127 0.000499227
1.0153104 1.2415085 0.000496166
5.9791315 1.2490327 0.000504192
3.2626661 1.6890337 0.0004993
0.69318544 1.0004245 0.000496052
1.6219257 1.9145913 0.000500827
3.8938645 1.6639201 0.00050201
5.7103333 2.2834492 0.000501686
3.7876612 1.1410422 0.000500941
0.63901216 0.7831432 0.000501534
2.5991967 1.1267654 0.0005012
0.67572167 1.289526 0.000490396
5.753792 1.6750675 0.000501765
1.4886437 1.0906946 0.000499947
1.7092638 0.53650723 0.000497258
1.8927747 0.89935595 0.000501689
3.3202271 1.4454136 0.00049919
2.6267554 2.2362904 0.00049703
4.9587597 2.7489459 0.000501455
2.1228614 0.27027645 0.000500436
5.9318505 1.9350291 0.000501838
4.9779932 1.1672779 0.000500699
4.049478 0.92504545 0.00050085
4.4781309 1.0561249 0.000501859
1.8544821 1.8459824 0.000503676
3.8336157 1.2898105 0.000501993
3.8518893 0.74669374 0.000501152
0.75882029 1.5776031 0.000500292
1.378585 0.49264536 0.000498811
4.610008 2.5803995 0.000499999
2.248944 1.4023249 0.000497994
0.49570667 2.5472382 0.000497403
2.1090559 2.0822825 0.000501479
3.1696401 2.510534 0.000501774
5.3555952 1.2125588 0.000500512
5.9096674 2.0850576 0.000501236
3.2130639 1.5342666 0.000507165
3.8637052 2.0612164 0.00049984
1.6797136 0.83492886 0.000501438
5.5069501 2.2266387 0.000500168
3.6075781 2.0370785 0.000505457
3.1632173 1.2275424 0.00050086
4.3485227 2.9327291 0.000502932
2.527708 1.0646351 0.000500819
1.7158559 1.3848297 0.000501148
2.7370951 2.3935794 0.000503639
2.3934573 1.676586 0.000500935
0.031030558 1.8238865 0.000500746
6.1324412 1.8092258 0.000500896
2.2222579 1.696364 0.000501325
3.5896187 2.6614177 0.000499251
6.248558 0.9381616 0.000500935
6.2122028 2.2515271 0.000498141
0.49217936 2.3138004 0.000500844
3.706835 2.0127835 0.000501213
3.6179628 2.2906225 0.000497293
4.1875685 1.4279638 0.000501237
1.3016334 1.322881 0.000503457
0.95596919 1.0254455 0.000500869
6.2169501 0.56700511 0.000500837
0.98314222 1.4923438 0.000512004
4.4655645 2.5450217 0.000500214
0.18963351 2.1396166 0.000497085
4.7143088 2.5227338 0.00049892
4.7111498 0.80693378 0.000501028
4.6160119 1.8544821 0.000498433
4.3427457 2.7639558 0.000501205
0.97805459 2.4664993 0.000500814
4.9448668 2.2683521 0.000500946
1.4576606 0.25401522 0.00050215
0.11853875 2.8176945 0.00049752
2.6912104 2.3181463 0.000495071
2.2058693 2.4433737 0.000497588
5.3605694 1.437968 0.000501586
5.9778574 1.6464913 0.00050055
1.2236887 3.0025074 0.000501677
3.22666 2.7378107 0.000499915
0.7118081 1.64968 0.000502224
5.8683205 1.3318852 0.000484145
0.39375326 1.1961719 0.00050037
1.9918919 0.93821047 0.000501701
3.323805 1.0068455 0.000501596
0.58848663 1.2152064 0.00050478
2.0872218 1.1464108 0.000501444
2.1765128 2.6856254 0.000500923
3.422451 2.3685514 0.000500034
1.8352486 1.1147121 0.000501992
6.0424695 0.9435407 0.000501525
2.0626127 2.0103924 0.000501337
1.3099412 1.9163366 0.000500176
2.4505295 1.0074442 0.00050082
3.4070572 2.7875177 0.00049686
4.9446399 0.79964878 0.000501203
3.1239648 1.3050665 0.000499378
3.6667971 1.3459752 0.000500363
3.7505555 0.79172324 0.000501645
2.0244074 1.4407815 0.000500456
4.5049915 1.6445592 0.000495882
4.0393028 2.5677109 0.000511752
0.53317016 0.90286057 0.000497307
5.8113355 1.0531666 0.000497541
1.3412663 0.64098264 0.000500603
0.17163463 1.7613863 0.000500907
2.3187572 1.2858364 0.000497185
3.8938645 1.3585119 0.000499457
1.5632914 2.7152785 0.000500708
4.797212 1.3154494 0.000502723
3.2145649 2.3430696 0.000501967
3.7751297 0.96114584 0.000501164
2.8894449 0.42740495 0.000487235
2.3191412 1.4625161 0.000497897
1.6126493 1.8285989 0.000500241
2.4381901 2.5018073 0.000508634
1.3512531 1.0017108 0.000500735
3.1588191 1.8004293 0.000501753
2.3680278 0.95504242 0.000501388
4.1959286 2.6215718 0.000495768
6.1906829 2.6157773 0.000499479
4.6416857 2.8835981 0.000501855
4.325432 1.2370667 0.000501683
2.8160713 2.6200708 0.000499028
2.8015327 2.3177274 0.00049852
2.7258203 1.2595936 0.000500999
2.687074 0.43660458 0.000497961
5.3545829 0.62947394 0.000501393
2.2476176 1.3228182 0.000499248
4.3438627 2.8485693 0.000501569
4.8646864 1.9347673 0.00050106
3.9758775 1.6420424 0.000502135
4.7681348 2.3774701 0.000497025
3.9569407 1.4185722 0.000501082
5.1697525 0.51814288 0.000501077
1.9688361 0.10312173 0.000501221
1.1967897 0.63542028 0.000501955
4.5063878 1.1982488 0.000501795
5.1152284 2.5956886 0.000499812
4.4630862 1.7884738 0.000484723
5.2216062 1.4852787 0.000500407
1.0588598 2.307238 0.00050042
5.6364186 2.0287184 0.000500329
0.42672428 1.2702489 0.000500078
4.6232899 1.9383801 0.000500243
3.7717787 2.0788966 0.000496969
1.5495888 1.9624657 0.000501122
4.8744603 1.6252803 0.000501824
4.5084822 1.7257118 0.000507728
4.2869824 1.0952011 0.000501124
0.32535904 1.4090113 0.000501927
5.6610103 2.114222 0.000500083
0.92677507 1.5729902 0.000497194
3.7998959 1.9970755 0.0005027
5.3550192 1.6617193 0.000501387
1.2999055 1.4940123 0.00050251
5.6004998 0.71592882 0.000500629
1.769537 0.7812181 0.000500778
0.48660129 1.7115065 0.000501792
0.018032218 1.163508 0.000500968
5.4989391 1.6181646 0.000502003
0.72002686 1.5067078 0.000500796
0.90845086 2.0208295 0.00049288
4.8065146 2.0747951 0.000500927
3.7750948 1.232548 0.000500147
0.44899293 1.1316226 0.000496775
3.3229847 1.7456958 0.00049998
1.4597602 1.8352312 0.000500926
5.0996426 2.3677486 0.000497122
0.26727274 0.96651971 0.000495497
5.0750684 1.1732679 0.000500437
1.2576302 0.85353756 0.000501495
4.6579522 1.6301707 0.000495152
1.3710416 2.3039742 0.000500466
2.6324278 1.5011961 0.000501178
5.0171933 1.8961432 0.000501519
3.2634864 2.6528481 0.000501083
2.7493125 1.4087704 0.000501751
4.364859 0.85393724 0.000500494
6.204087 0.71322705 0.000501685
3.8622042 1.0976027 0.000504093
0.18316358 1.6171034 0.000501707
5.4014624 2.6171387 0.000501766
1.4873469 0.8717588 0.000501819
4.4594733 2.035403 0.00050016
5.1074093 0.66015857 0.000500843
3.5675403 2.5796839 0.000499933
3.2417746 1.7749475 0.000500985
2.4540027 2.1131748 0.000491807
5.6456165 1.3512653 0.000500223
0.89062581 0.95809849 0.00050131
0.69721715 1.9458152 0.000503224
5.3152955 2.405343 0.000497276
3.428647 2.1148853 0.000502661
2.0485802 1.7110894 0.000504423
4.7869494 1.1673565 0.000501068
2.0857906 0.81513508 0.000499839
4.9316198 1.5614832 0.000503886
0.46431343 2.0044583 0.000498808
6.0878306 1.37559 0.000492267
0.92088633 2.1738599 0.000500366
0.06554392 1.3881249 0.000501034
3.5130511 2.1638592 0.000498128
3.4244407 2.4513498 0.000501961
4.3855063 1.2969716 0.000501769
5.4811192 0.58573948 0.000501394
4.3976538 0.77455967 0.000499332
5.4846099 0.83828339 0.000499774
0.19252902 1.4711869 0.0005017
3.560908 1.454526 0.000499531
1.8907501 1.6216465 0.000501312
0.82811684 1.1264983 0.00050041
5.8869607 0.36424672 0.000496206
3.9568185 2.5009521 0.000501013
5.1961419 2.1609969 0.000503903
0.023778715 0.86436035 0.000500939
4.3804797 1.9081859 0.000499115
1.2169256 2.9172655 0.000500419
6.2776875 1.7496926 0.000500928
4.0178876 1.7866237 0.000501476
4.2902287 0.56080396 0.000508129
2.5210757 1.951505 0.000499405
6.1034513 2.5454754 0.000500236
4.7921156 1.6048407 0.000495528
5.6194191 2.9081898 0.000501796
2.0697511 0.18616205 0.000501734
0.24725032 1.2543367 0.000502336
5.1552488 2.511808 0.000501683
4.3212781 1.7677393 0.000499643
5.3871158 1.2933099 0.000501787
4.9141141 0.42486725 0.000501429
1.4912128 2.6221478 0.000510631
5.7016241 0.77065886 0.000501705
5.8855469 1.2557592 0.000504384
5.1082995 2.8142038 0.000501633
1.1319193 0.70919011 0.000501847
0.23804895 2.2812675 0.000505936
1.5661363 0.81085728 0.000501933
0.082942933 2.6060209 0.000502376
2.9528178 0.79043518 0.000499492
2.1414143 2.7681271 0.000502398
3.4259941 2.0322265 0.00049734
2.3200836 0.65166405 0.000500025
0.2312474 1.5477388 0.000501847
1.8657919 1.3661006 0.00050146
2.3699826 2.3512901 0.000497389
5.8392085 1.4690052 0.000500585
1.5083903 1.4577164 0.000486581
4.6594706 2.6631106 0.000501135
4.9197515 2.1836338 0.000502184
0.64298279 2.0197299 0.000499478
2.6842117 1.5681766 0.000501179
3.4253483 2.2837459 0.000502418
4.3441071 0.31171406 0.000503062
2.0786871 2.4533046 0.000500397
2.0859303 0.89771883 0.000500834
1.3688949 1.6256171 0.000500986
2.5653897 1.6549805 0.000502003
2.6135258 1.9443491 0.000499102
4.4690726 0.53176168 0.000502365
2.4938835 1.4493476 0.000497577
4.0417113 1.3951045 0.000501254
4.5483629 2.2388909 0.000501352
1.4737909 2.0067447 0.000501099
2.0864713 1.0629666 0.000501513
5.6132232 1.4942619 0.000502027
3.3381167 2.1473833 0.000502293
5.0608265 0.80609079 0.000500728
4.058257 0.84207075 0.000500874
4.2549207 0.87425986 0.00050036
2.8589017 0.94427898 0.000501519
4.5371056 1.8197152 0.000495483
5.0292361 1.0993585 0.000500708
4.3297604 1.4612298 0.000501103
5.4209228 2.3624951 0.000501879
4.3400928 0.48311586 0.000496878
0.41050319 0.69461486 0.000501237
2.924718 0.56348129 0.000508706
5.7238073 0.68768765 0.000501499
0.23322486 2.5784098 0.000497566
5.321282 2.8694958 0.000501778
4.1788942 1.7372047 0.000501181
6.2229365 1.8165561 0.000500053
0.10706844 1.4647711 0.000501414
4.0665823 1.3138786 0.000499772
2.3847655 0.87348493 0.000501024
1.9180645 2.7888442 0.000504311
2.6963243 1.3405106 0.000501134
1.9450822 1.4016809 0.000501018
4.8630109 2.3187223 0.000495751
6.1500341 2.0314236 0.000499353
1.6454667 0.32446369 0.000498377
5.5260964 1.698448 0.000501748
2.4428501 2.1900391 0.000502398
0.21136286 1.0345649 0.00049947
6.2422573 1.6755039 0.000500791
1.0826679 1.3822659 0.000488483
3.4680565 1.7712125 0.000500494
4.9960399 0.50212599 0.00050164
2.623928 1.0473407 0.00050139
5.8558589 0.66465105 0.00050137
0.65092054 2.4056222 0.000501556
3.853687 1.8286687 0.000500941
0.62992423 1.506556 0.000500795
3.3529346 1.9763061 0.000500155
1.3092064 2.0880596 0.000499062
4.0435788 2.0190318 0.000501157
3.8621169 0.91705882 0.000501882
2.2714762 1.7644406 0.000501616
3.0285302 1.985312 0.000501214
3.1944761 2.4267582 0.000501041
3.7004994 0.5369872 0.000502149
3.4255752 1.6356021 0.000501719
5.4132783 2.5332232 0.000501268
3.0303977 2.5299769 0.00050159
6.0275295 0.42853593 0.000498742
5.9010629 1.4062711 0.000497425
5.0495517 2.674176 0.000500837
0.15419321 0.42083379 0.000503608
3.1768832 1.3832206 0.000501684
4.5207518 0.75566124 0.000499232
5.7633041 0.90827807 0.000499907
2.0596631 2.1587978 0.000500521
3.8112406 1.6839949 0.000501638
3.1650673 2.1150249 0.000500844
3.6370567 0.75808551 0.000501644
6.251717 1.0875862 0.000501338
6.2571624 1.2343998 0.000500921
3.9723868 2.2689106 0.000501706
5.388163 1.0661885 0.000501074
0.77407272 2.4067741 0.000501578
6.0600101 1.0930578 0.000502356
0.14541647 1.541316 0.000501667
1.0043689 1.56988 0.000490398
0.17931862 0.72608664 0.00050056
0.018477975 2.6793422 0.000495792
0.79103732 0.97690092 0.000500394
4.4459296 1.581277 0.000499971
6.2203709 1.4542886 0.000499336
2.0947442 1.7840232 0.000505121
4.8543192 1.5413439 0.000497612
0.4601578 1.3494467 0.000500343
0.21162117 0.80485509 0.000500153
1.1386388 1.8320721 0.000504318
2.3531576 1.036291 0.000501475
4.6931729 1.1741004 0.000501761
3.522249 1.0390277 0.000502616
0.015984999 1.0150503 0.000501016
0.51788108 1.9332838 0.000501488
1.7275548 1.4702828 0.00050033
4.8212103 2.1566685 0.00050035
0.24697631 0.5840692 0.000501683
0.77308661 2.1026156 0.000499838
5.244662 1.3390829 0.000501014
3.0946957 2.0511284 0.000500842
4.0577683 2.8743304 0.000503549
6.1130157 1.1647123 0.000502582
5.2189533 2.0140052 0.000498466
2.342738 2.4346819 0.000503531
5.3883201 1.5191503 0.000501647
3.3849265 1.8011449 0.000499642
5.6401886 1.5758648 0.000501481
3.2729461 0.41137061 0.000497946
1.97861 0.77072518 0.000500381
1.4759429 2.1777869 0.000500076
4.1499392 0.89677809 0.000501144
5.3968548 2.0383875 0.000484814
0.34462224 0.90447849 0.00049522
0.77007068 2.2551225 0.000501649
0.20962975 1.836959 0.00050012
1.6497376 1.4387377 0.000499395
0.44525095 1.6379601 0.000501468
0.49634371 2.0859303 0.000494542
3.9455262 2.3503127 0.000495963
1.9042415 0.98286297 0.000501907
3.0081971 0.71242595 0.000497392
4.8321011 1.0937839 0.000501327
4.4438701 1.3575642 0.000501679
5.5289587 1.4753216 0.000501792
