2.9812  1.4283  0.004
1.7547  1.949  0.0039
3.2466  1.7701  0.0039
1.4126  1.0347  0.0039
0.8407  1.8498  0.0039
1.5343  0.8401  0.0039
5.9034  2.1982  0.0039
0.6277  1.7466  0.0039
5.6313  1.6435  0.0039
0.4266  2.3749  0.0039
2.2591  2.0675  0.0039
5.2432  2.2459  0.0039
4.9581  1.3372  0.004
5.7011  2.0481  0.0039
0.1735  1.7765  0.0039
4.7769  0.4764  0.004
1.7055  0.2139  0.0039
3.4128  0.4431  0.0039
3.7264  2.6056  0.0039
5.9775  1.9759  0.004
0.5974  1.974  0.0039
4.3164  1.7918  0.0038
5.4059  1.6687  0.0039
1.9068  1.5506  0.0039
0.4366  1.4099  0.004
2.647  2.8546  0.0039
5.3712  2.4449  0.0039
4.0622  1.4561  0.0039
1.3041  1.9286  0.0039
3.8731  1.8126  0.0039
2.5963  1.685  0.0039
0.6673  0.2475  0.0039
5.1114  0.865  0.0039
2.4052  1.0299  0.0039
4.2819  1.5733  0.0039
5.0385  1.1107  0.004
2.0494  1.3689  0.004
0.0219  1.4643  0.0038
1.4818  1.6042  0.0039
3.4591  1.8742  0.0039
2.2904  1.4294  0.0039
5.6041  2.6173  0.0038
0.4017  0.9324  0.004
5.7898  2.4123  0.0039
2.5337  1.4729  0.0039
0.1434  2.5079  0.0039
1.6865  0.4349  0.0039
3.6349  1.4864  0.004
3.8039  0.5645  0.0039
2.9881  2.396  0.0039
6.0859  0.8453  0.0038
5.5728  2.2541  0.0039
2.8462  0.7128  0.0039
0.3733  0.6883  0.0039
2.1307  0.9905  0.0038
0.7786  2.8299  0.0039
1.5251  2.5334  0.0039
3.9257  2.0467  0.0038
3.8237  0.8492  0.0039
2.4089  1.8753  0.0039
0.9664  0.6783  0.0039
0.129  2.7612  0.0039
3.5024  2.1324  0.0039
4.0762  2.825  0.0039
3.6182  1.2508  0.0039
4.9532  2.2555  0.0039
1.9298  2.6784  0.004
1.283  1.466  0.0039
1.5059  1.3588  0.0039
5.7337  1.2038  0.0039
0.0244  0.6302  0.0039
0.5429  2.6063  0.004
2.8653  0.9763  0.0039
0.3843  2.1233  0.0039
1.1277  1.0732  0.0039
1.5316  2.0661  0.0039
1.4044  2.7463  0.0038
2.5092  0.6121  0.0039
2.9246  1.2064  0.004
3.1805  1.303  0.0039
3.8367  1.1166  0.0039
2.8969  0.2462  0.0039
1.7905  2.1815  0.004
5.9429  0.4266  0.0039
5.1428  2.6902  0.0039
5.3304  0.3948  0.0039
4.7693  1.8156  0.0039
1.5175  1.8316  0.0039
4.5867  0.8426  0.0037
1.2182  2.4064  0.0039
2.0005  2.0155  0.0039
4.2931  1.1197  0.0039
6.2505  1.6729  0.0039
3.853  1.5814  0.0039
0.145  2.2588  0.004
0.6423  2.219  0.0038
2.6453  1.9017  0.0037
3.2883  2.2861  0.0039
2.8807  0.4768  0.0039
0.9166  0.922  0.0039
5.54  1.8649  0.0039
4.0758  1.6858  0.0039
3.6517  1.7234  0.0039
0.1557  2.0148  0.004
1.5326  2.3001  0.0039
2.6033  0.8642  0.0039
2.1296  1.6042  0.0039
4.4978  1.5082  0.0039
4.4391  0.6396  0.0039
2.0734  2.2448  0.0039
1.2125  0.8489  0.004
3.6815  1.9665  0.0039
1.7598  0.9818  0.0039
0.6417  1.5127  0.0039
1.0666  1.543  0.0039
1.0181  2.6012  0.0039
3.0323  1.6547  0.0039
2.9092  2.6301  0.0039
6.2598  1.2568  0.0038
0.8576  1.3948  0.0039
6.2238  1.9009  0.0039
5.2788  1.8754  0.0039
0.117  0.8595  0.0039
5.8511  1.3944  0.0038
2.7887  1.5532  0.0039
0.8346  2.0698  0.0038
4.2207  0.4493  0.0039
2.1767  1.8347  0.0039
1.0797  1.3098  0.0039
4.1211  2.2001  0.004
4.6565  2.4252  0.004
5.3068  1.0367  0.0039
5.5646  0.6045  0.0039
2.0953  0.5937  0.0039
3.1379  1.0794  0.0039
4.1815  2.6123  0.0038
2.4145  2.6547  0.0038
3.0496  2.1613  0.0039
1.9522  0.8185  0.0039
0.8499  1.6243  0.0039
5.1747  1.6732  0.0038
4.5294  1.7427  0.0039
2.7463  2.245  0.0039
2.7255  1.3359  0.0039
1.2812  2.1685  0.0039
4.0638  1.2263  0.0039
0.2278  1.5541  0.0039
2.3598  1.651  0.0039
3.5812  2.3857  0.0039
1.1163  0.4226  0.004
3.3009  2.5333  0.0039
3.4151  1.3904  0.004
0.6554  1.0354  0.004
3.4383  1.6283  0.004
6.0335  1.7435  0.0039
5.1466  1.4617  0.0038
4.0843  0.7132  0.0039
3.3876  1.1566  0.004
1.3343  0.6252  0.0039
5.4195  0.8163  0.0039
3.8307  0.2728  0.0039
4.111  1.915  0.0038
4.9394  1.586  0.004
4.6385  2.6584  0.004
3.5208  3.0299  0.0039
4.4214  2.2159  0.0038
5.4146  2.0661  0.0039
4.5745  1.9709  0.004
3.5551  0.7339  0.0039
0.6646  0.794  0.0039
4.3265  2.0178  0.0039
0.3805  1.8773  0.0039
2.2964  0.7976  0.0039
2.8408  2.03  0.0039
4.515  1.2811  0.0039
5.8974  0.208  0.0039
5.0059  1.8219  0.004
4.5453  1.0605  0.0039
1.7751  2.9392  0.0039
4.8782  2.9025  0.004
5.9029  1.0362  0.004
4.773  1.1709  0.0039
5.4753  1.2323  0.0039
4.73  1.3903  0.0039
0.7942  2.4191  0.0039
3.2307  0.6436  0.0039
1.0005  2.2473  0.0039
0.1777  1.0869  0.004
3.8422  1.3508  0.0039
5.0048  2.4771  0.0039
1.841  2.4202  0.0039
5.7456  0.8391  0.0039
5.9347  0.6496  0.0037
5.1149  2.0419  0.0039
5.383  1.4517  0.0039
0.4271  1.1686  0.004
1.7209  1.7201  0.0039
1.8061  1.3137  0.0039
2.844  1.7777  0.0039
1.0771  2.005  0.0039
2.3053  0.3869  0.0039
4.684  2.1882  0.0038
1.7164  0.6599  0.0038
4.2844  1.3487  0.0039
5.2274  1.2553  0.0039
3.2218  1.5291  0.0039
0.4257  1.6502  0.0039
5.6166  1.4245  0.0039
3.0543  1.9046  0.0039
6.1897  1.0465  0.0039
0.1217  3.0239  0.0039
3.6128  1.0081  0.0039
3.9514  2.4023  0.004
2.5327  2.1004  0.0039
3.3693  0.9176  0.0039
3.7706  2.2153  0.0039
3.1003  0.8504  0.0038
3.3645  2.7794  0.004
0.6484  1.2745  0.004
4.7406  0.2491  0.0039
4.2995  0.8843  0.0039
2.2174  1.2068  0.0039
4.8588  2.0222  0.0039
6.022  1.2446  0.004
6.1353  2.3614  0.0039
2.1857  2.4693  0.0039
6.1865  2.1298  0.0039
5.1751  0.6238  0.0039
0.8783  1.1598  0.004
3.2693  2.0257  0.004
3.7236  0.0239  0.0039
1.0633  1.7754  0.0039
4.718  1.6034  0.0038
6.0489  2.5978  0.0039
2.6178  2.4529  0.0039
1.9471  1.1411  0.0039
5.741  2.8357  0.0039
5.8572  1.6084  0.0038
1.2763  1.7009  0.0039
5.584  1.0205  0.0039
6.0753  1.4872  0.0041
2.4663  1.2583  0.0039
1.6223  1.1655  0.0039
1.9483  1.7829  0.0039
4.8423  0.7059  0.0039
0.2227  1.3145  0.0039
1.3121  1.2357  0.0038
4.053  0.9854  0.0039
4.8418  0.953  0.0039
0.2234  0.4231  0.0039
0.6648  0.5267  0.0039
4.307  2.4137  0.0038
2.6612  1.1133  0.0039
1.6832  1.4969  0.0038
5.7888  1.8312  0.0039
2.3875  2.2889  0.0039
