1.201  0.9095  0.0329
4.4332  2.2306  0.032
5.327  0.4216  0.034
2.0637  0.931  0.0324
5.4912  1.6607  0.032
1.2618  2.127  0.0323
1.8749  0.2738  0.0337
2.811  2.3346  0.0342
1.6652  1.505  0.034
5.1837  1.0575  0.032
3.9835  2.832  0.0342
5.2997  2.3038  0.0342
5.9446  1.1308  0.0337
4.8058  1.6466  0.0336
0.5086  2.0808  0.0328
4.4037  1.0122  0.0341
6.2407  2.6393  0.0342
0.9604  1.5144  0.0327
0.329  0.6955  0.0338
3.5848  1.2429  0.0336
6.0963  1.9048  0.034
0.3131  1.3869  0.034
3.0559  1.6703  0.0338
2.0516  2.0829  0.0323
3.6034  2.1004  0.0336
4.1043  1.6272  0.0322
2.4144  1.5357  0.0336
1.6379  2.741  0.0329
3.7026  0.5492  0.0334
2.8798  0.9605  0.0337
