4.917919  2.3256687  0.0031437
1.3433799  1.5155217  0.0030647
1.753637  1.3199227  0.0031699
2.3151793  2.3888845  0.0031526
1.9297233  1.1775038  0.0031206
4.2643281  0.8844456  0.0031571
0.5377534  2.2348068  0.0031142
1.0893822  2.4344376  0.0031577
5.6528596  1.803536  0.0031135
5.2913147  1.586993  0.0031543
1.6597558  2.6302286  0.0031514
0.25487043  1.8906977  0.0031587
5.2780502  1.8396468  0.003116
3.9698387  0.48799406  0.0031014
1.4046759  1.339802  0.0030079
0.48891908  2.4355546  0.0031385
3.3213616  1.6088096  0.0031423
1.3727364  2.0631537  0.0031328
4.2632634  2.0617749  0.0031595
4.127215  1.6214632  0.0031681
2.0900841  0.21361085  0.0031705
1.8982899  1.696268  0.0031363
3.3344341  2.9018193  0.0031055
5.1996849  1.1720584  0.0031147
5.8056283  1.6392481  0.0031217
1.3671688  1.1145498  0.0031423
1.2708964  2.2585259  0.0031339
3.2605019  1.815317  0.0031418
5.4871406  2.3454782  0.0031445
5.7261809  0.48279298  0.0031217
3.2169036  1.0539869  0.0031283
5.7029331  1.4329677  0.0031148
5.0202651  1.2960466  0.0031473
4.9990419  0.87584113  0.0031251
1.2322025  1.6786751  0.0031238
3.1871457  2.7121544  0.0030822
3.8309453  1.859404  0.0031149
5.4022653  0.33361969  0.0030272
2.786104  1.444225  0.0031844
5.2295649  0.96432932  0.0031401
2.5306227  0.90565135  0.0031033
5.2707024  0.53042301  0.0031885
4.5976161  2.3232427  0.0031307
3.8264075  0.70549699  0.0031448
2.0329072  2.5370281  0.0031445
2.3340637  1.8176033  0.0031347
2.6528481  2.7854233  0.0031474
5.9314491  2.0460146  0.0031527
4.0615557  2.1937043  0.0031386
3.539807  0.77920224  0.0030899
2.510534  2.2133567  0.0031425
4.5475775  2.6815064  0.0031575
4.5355522  1.7325534  0.0031575
0.69629911  1.4759028  0.0031424
0.27054349  2.8306797  0.0030937
2.894262  1.6898627  0.0030853
0.13667673  1.3642017  0.0030779
4.4542024  0.72022757  0.0031382
0.91615823  2.0048423  0.0031624
0.13376203  2.0795249  0.0031584
1.0334269  0.49024553  0.0031477
2.1241181  1.7562027  0.0031192
4.0250783  1.7880375  0.003013
0.60278436  1.6914858  0.0031542
2.9207038  2.0386493  0.0031464
2.6982965  1.6763538  0.0031262
1.333833  1.8626328  0.0031377
2.190842  1.9720126  0.0031376
3.7836993  1.2822759  0.0031454
5.2350278  2.2636222  0.0031567
6.2829933  2.6210133  0.0030975
0.57855919  1.3087351  0.0031284
3.5906135  0.54515359  0.0030831
1.531858  2.2580546  0.0031306
4.950033  1.8050544  0.0030214
5.0577198  1.5082263  0.0031112
6.1043938  2.4382075  0.0031574
4.7390227  0.79374084  0.0031139
4.0912961  2.4012414  0.0031337
3.5200498  1.5489274  0.0031421
3.0746069  2.1951355  0.0031428
2.9248053  2.3681151  0.0030836
3.1592205  0.46603782  0.0031036
2.7912004  1.8716038  0.0031308
4.1093952  1.4260213  0.0030183
5.4623395  1.4668794  0.0031636
6.082839  1.880697  0.003154
5.7249068  2.9595723  0.003085
3.1901826  1.2541063  0.0031402
5.7616286  0.86126763  0.0031494
2.9706726  1.512642  0.0030263
1.7926102  2.2277732  0.0030984
4.4236243  1.9052887  0.0031355
6.2809164  2.2646345  0.0031578
5.0222722  2.6467569  0.0031247
0.025935593  1.8967715  0.00316
3.990992  0.87920961  0.0031623
3.4080172  1.1882376  0.0031607
1.8937521  0.97366683  0.0030021
6.1145167  1.0923318  0.0031203
3.7161376  1.493932  0.003127
2.989941  1.1122111  0.0031428
0.14491469  1.7154143  0.0031523
2.1242402  0.99689716  0.0030873
2.9900457  0.69184852  0.0030784
5.8310927  2.5837156  0.0030914
2.3827235  0.42713443  0.0031392
5.910191  1.4588684  0.0031575
4.8581763  1.9869352  0.0031021
0.84929467  0.69083622  0.0031414
3.8749276  1.0783168  0.0031297
5.4420588  1.7208423  0.0031037
2.4867451  0.66901961  0.003153
5.8930519  1.05657  0.0031164
5.016181  0.66849601  0.0030387
1.014525  2.2281222  0.0031068
5.3856323  1.2830788  0.0030072
4.8473029  1.4161602  0.0031216
6.1720427  2.0743064  0.0031633
4.3989104  2.4828007  0.0031481
0.81192717  2.5716903  0.003143
2.7835733  1.2256575  0.0031861
2.3462636  1.0480702  0.0030976
0.74764669  0.89111276  0.0031572
5.6031876  1.6041496  0.0030179
5.2208034  1.3959492  0.0030935
0.72513194  1.8614809  0.0031432
2.7734504  1.0096555  0.0031603
5.4287419  1.0838669  0.0031017
4.230521  1.2533384  0.003124
2.8469811  0.30311133  0.0031144
4.439053  1.3026963  0.0031525
3.1761676  2.0093103  0.003152
2.6555883  2.0342336  0.0031212
1.4668445  0.73961818  0.0031167
2.5629287  1.8447607  0.0031591
3.4758232  2.5275335  0.0030965
5.4564577  2.5430843  0.0031419
1.7824175  0.62655575  0.0031396
3.5727064  1.3344962  0.0031527
4.8077014  1.2105953  0.003144
2.0251579  2.1184981  0.0031139
1.4624812  1.670891  0.0031607
6.2163392  1.3190326  0.0031283
2.4655219  1.6616582  0.0031036
4.1414743  2.8391271  0.003158
4.7377661  1.7800089  0.0031227
2.9804988  1.3137442  0.0031143
3.6359048  1.1266973  0.0031564
4.9952719  1.0822612  0.0031305
3.0276576  1.8564893  0.0031514
1.5805353  1.4631444  0.0032691
2.6194949  2.4023934  0.0031424
1.595772  2.0571498  0.0030918
5.2837749  0.75928804  0.0031046
2.3693019  1.2493765  0.0031468
1.5250163  0.96951295  0.0031268
1.1390368  1.4589207  0.0031791
0.73825682  0.099466314  0.0032064
6.0339174  0.87879073  0.0031431
0.4836831  1.867258  0.0031219
5.4293004  2.74556  0.0030997
0.165911  2.4450317  0.0031262
2.0094325  0.782658  0.0031069
1.3931742  0.31543336  0.0031167
2.2541102  2.9648257  0.0031538
3.4150857  1.9616454  0.0031191
2.1498617  1.2023224  0.0031566
1.7399536  2.4273865  0.0031303
5.5906038  1.2637231  0.0031093
3.3534756  2.1550977  0.0031165
4.6425409  1.3579534  0.0031545
2.7540597  0.53794538  0.0031377
0.7914021  1.2775985  0.003149
3.1268097  2.5163983  0.0029808
5.0247331  0.15276867  0.0031253
4.1427484  0.68453559  0.0031543
2.1603162  0.60128338  0.0031459
3.6295867  1.9164937  0.0031334
4.0393377  1.9912811  0.0031193
4.5893956  1.1451454  0.003161
4.6890016  1.5706392  0.003125
0.45816638  1.137082  0.0030852
5.7419936  2.1987309  0.003106
0.7373318  0.30021408  0.0030966
4.364126  1.0878288  0.0031461
0.91635022  1.4558489  0.0031768
4.8725928  2.8584828  0.0031501
5.1255957  1.702272  0.0031251
5.1498907  2.4552943  0.0031488
0.53366933  0.72731361  0.003145
4.111891  2.6201057  0.0031562
2.0360662  2.3290895  0.0031465
5.4765639  1.9357447  0.0031523
3.8061268  2.4856456  0.0031308
4.5260925  0.93221526  0.0031436
5.9080093  0.67961376  0.0031427
4.7619563  2.5001492  0.0031308
2.5857576  1.3122607  0.0031045
1.4946127  2.8307146  0.0031553
0.49005355  1.5261683  0.0031388
0.86793478  2.7777439  0.0031223
1.975992  1.37045  0.0031329
0.25562092  1.5361166  0.003133
6.0576015  0.25925121  0.0031945
2.741633  0.79038981  0.0031019
4.2217944  1.8483211  0.0031137
5.8666276  1.8449876  0.0031532
2.9943392  0.90559899  0.0031387
1.5417191  1.8606955  0.0031188
1.7469  1.8346552  0.0030886
0.48982665  0.93034776  0.0031423
3.4623493  0.98399918  0.003147
1.712168  1.0940422  0.0030684
3.2496809  0.85510661  0.0030917
3.5871752  0.32735395  0.0031664
4.3186078  2.2716333  0.0031482
6.2322217  0.71689399  0.0031606
2.3991994  1.449461  0.0031102
1.1686899  0.69085368  0.0031399
2.0463811  1.5588757  0.0031322
3.7245675  0.92258104  0.0031211
4.6343379  1.9559207  0.0031266
0.90205597  1.0741629  0.0031469
2.0722643  2.7514068  0.0031612
2.4197419  2.0146161  0.0031604
4.0034013  1.2436693  0.0031063
3.8866563  1.6418836  0.003146
3.6811088  1.7025338  0.0031752
1.7157634  0.83264423  0.003068
1.0138967  0.87732466  0.0031566
4.4968234  2.1201213  0.0031479
0.9250245  1.8049672  0.0030196
0.030857421  1.5349124  0.0031203
4.2730722  0.29148744  0.0031911
3.696363  2.7052952  0.0031476
1.4471397  0.52817154  0.0031475
4.1935375  3.0583055  0.0031068
2.3952375  2.5920234  0.0031335
4.7293012  0.57855919  0.0030413
3.1695877  1.457507  0.003115
1.2261113  2.6342953  0.0031474
4.7494074  2.1608747  0.0031288
0.044174283  1.1398745  0.0031026
3.3689741  1.3955827  0.0031455
0.24232151  0.79981458  0.0031144
5.9693402  2.7703262  0.0029845
5.0259548  2.1441021  0.0031482
4.3780886  0.50206141  0.0030956
6.0049973  1.6750099  0.0031407
0.37395425  1.3638701  0.0030945
0.78449059  2.3686038  0.0031306
0.369748  1.701888  0.0031403
1.146245  2.0546889  0.0031379
5.2817328  2.0627697  0.0031354
0.005131268  0.92718871  0.0031509
1.8839258  0.42517966  0.0031404
1.0044544  1.266568  0.0031331
3.1163726  1.6668418  0.0031125
2.2599745  1.6046034  0.0031325
0.61514129  2.0290674  0.0030691
1.1332597  1.0719463  0.0031406
2.1920463  1.4005918  0.0031477
6.110677  1.4972482  0.0031522
1.6641889  1.6491616  0.0031413
6.0060794  2.2437604  0.0031529
0.6758613  1.0952465  0.003126
2.7813567  2.5842741  0.0030976
5.6983953  2.0017705  0.003123
0.3781954  2.0631886  0.0031403
4.769723  1.0018364  0.0031361
2.7777962  2.2061311  0.0031107
6.1350767  0.5075592  0.0031215
0.80667373  1.6415171  0.0031167
6.0148933  1.277581  0.0031307
1.2802165  0.900363  0.0031558
1.564199  1.2287292  0.0030576
2.2591716  2.1824644  0.003146
1.2127595  1.270844  0.0030726
1.978034  1.8951483  0.0031021
4.1224153  1.0605493  0.003152
2.5991967  1.5087673  0.0030053
2.5713063  1.114672  0.0031104
4.8520328  0.38791688  0.003179
1.8128386  1.5098843  0.0031577
0.25284585  1.2001582  0.00299
3.8226027  2.2747923  0.0031561
3.9163618  1.4491469  0.0030703
0.27485445  2.2570074  0.0031266
0.78119192  2.1616252  0.0030323
0.61768948  0.52113786  0.0031262
3.5570159  2.3250578  0.0031457
0.2260725  0.39259436  0.0030234
5.0964661  1.948346  0.0030831
5.7776332  2.3925846  0.0031065
0.42472587  2.6336669  0.0031371
5.8085081  1.2486435  0.0031243
5.5001957  0.88674943  0.003118
2.2849676  0.82311473  0.0031381
3.2676578  2.3405912  0.0030836
4.8898366  1.6172046  0.0030627
1.8128386  2.0254371  0.0030212
0.2401224  0.59866539  0.0031081
3.4761025  1.7574244  0.0031574
5.4985551  2.1447653  0.003138
0.2470339  0.99892174  0.0030905
1.0320481  1.6314465  0.0031246
1.4167361  2.4536188  0.003152
4.3035456  1.4709809  0.0031025
6.2089914  1.7090439  0.0031316
4.3344379  1.6790067  0.0031765
4.4954446  1.5206007  0.0031242
3.5996369  2.1228963  0.0031527
5.6622495  1.0632895  0.0031345
3.2964034  0.65629616  0.0029837
1.1217406  1.8569605  0.0031008
5.5719462  0.67383672  0.0031785
0.86851074  3.0001163  0.0031429
3.826582  2.0679359  0.0031548
3.3997618  0.12294099  0.0031408
