1.95908 1.544756 0.001477
4.093199 1.656544 0.001479
5.740789 2.423756 0.001484
3.742091 0.542256 0.001476
2.631747 2.323103 0.001478
0.184132 1.656405 0.001483
0.350689 1.16417 0.001491
5.330183 1.450735 0.001476
3.803334 1.207332 0.001483
1.594166 1.90768 0.001462
6.249431 2.27666 0.001486
4.77475 0.69801 0.00148
2.420615 1.296239 0.001464
4.930939 2.215172 0.001464
5.742186 1.284178 0.001471
1.023793 1.293341 0.001457
5.173889 0.502079 0.001468
2.211891 0.487994 0.001413
5.625545 1.187784 0.001474
3.828554 1.063377 0.001479
4.841456 1.20124 0.001429
3.740659 1.49943 0.001477
0.356867 1.3124 0.001485
5.014261 1.679269 0.001474
5.376382 0.99585 0.001481
4.408248 2.413232 0.001483
2.923269 2.474982 0.001481
2.191366 1.105492 0.001484
1.697699 2.180702 0.001482
4.609397 2.214701 0.00147
3.571851 2.221089 0.001448
5.413976 1.684784 0.001485
1.058787 2.128324 0.001481
5.665985 1.040513 0.001471
3.679852 0.97152 0.001483
4.954431 2.36548 0.001468
4.19743 2.442588 0.001482
5.980144 1.330185 0.00144
1.525819 2.163789 0.001479
0.235916 1.90494 0.001473
3.717464 2.291792 0.001426
3.041254 1.697996 0.001471
3.572898 1.706705 0.001489
2.559857 2.7102 0.001481
2.59335 0.668932 0.001465
1.21351 2.204874 0.001481
3.712088 2.937948 0.001479
4.446802 2.26432 0.001474
2.42784 0.92279 0.001476
0.052482 1.603992 0.001477
0.652596 1.026934 0.001504
2.511197 2.570591 0.001478
1.32275 1.12209 0.001491
0.106099 1.479271 0.001468
1.715816 0.387323 0.001479
2.062037 1.93276 0.001493
5.803604 1.666213 0.001481
2.312352 2.038527 0.001473
6.056868 1.69742 0.001461
5.087687 2.260882 0.001442
1.48531 2.550607 0.001486
2.921402 2.732505 0.001485
6.013584 1.13696 0.001497
1.002343 1.438745 0.001474
4.441636 0.826396 0.001479
2.334413 0.697521 0.001481
1.066483 1.977633 0.001481
5.365055 1.972205 0.00148
1.97032 2.04858 0.001471
5.937942 1.610276 0.001471
5.22878 1.063412 0.001479
3.330804 1.654991 0.001469
1.430995 0.5961 0.001479
0.082816 0.666 0.00148
3.364401 1.507127 0.001458
0.305869 0.436315 0.001485
3.816407 2.568514 0.001478
4.165124 1.370869 0.001482
5.283723 2.515299 0.001481
5.895809 0.882508 0.001475
1.27128 1.345143 0.001429
4.229474 0.845158 0.001478
0.902562 2.187508 0.001483
4.228025 0.406138 0.001477
2.088077 0.878302 0.001467
1.823782 1.54425 0.001465
4.904899 1.578144 0.001485
4.539095 0.944555 0.001487
1.242849 2.500289 0.001488
0.318749 1.026917 0.00147
6.075177 1.554861 0.001473
4.894968 2.731109 0.001485
5.50873 1.924959 0.001482
3.990364 0.00672 0.001479
2.834031 0.651165 0.001479
0.080931 2.162864 0.00147
1.343101 0.140482 0.001475
1.903177 1.076257 0.001483
2.478926 1.162791 0.001479
1.054999 2.27584 0.001481
4.523178 1.178464 0.001462
0.944241 2.84349 0.001426
3.102654 1.566276 0.001437
2.117049 1.804444 0.001474
4.109797 1.119489 0.001486
3.523872 1.030844 0.00148
4.127529 1.514073 0.001482
5.037823 0.859348 0.001483
4.552377 2.801166 0.001481
0.964434 1.735137 0.001483
2.746869 1.947072 0.001486
3.495388 1.996604 0.001488
1.756342 2.571132 0.00148
2.812755 0.903505 0.001483
4.271205 2.299873 0.001474
1.920107 0.502079 0.00146
0.832051 1.794216 0.001483
0.87797 2.333209 0.001483
3.51923 1.320027 0.001463
2.061094 1.015939 0.00147
3.953049 1.684051 0.001464
4.613481 1.668849 0.001481
1.917471 0.927381 0.001483
2.518318 0.139504 0.001479
0.924745 2.039539 0.001482
2.237704 2.181033 0.001485
3.222471 1.930072 0.00148
3.953188 1.16136 0.001484
3.197338 0.402909 0.001477
1.116906 1.528647 0.001486
5.353047 1.301056 0.001475
2.637315 1.155687 0.001485
4.774261 2.298738 0.001484
3.551797 2.371728 0.001464
2.743431 2.204543 0.001479
0.233403 1.530968 0.001447
0.72206 1.699235 0.001476
1.894956 3.051569 0.001423
4.023996 1.404519 0.001481
2.252103 1.53664 0.001488
5.440628 1.541684 0.00148
3.105168 1.175567 0.001469
0.15687 2.294602 0.001477
2.781427 2.60164 0.001484
3.398715 2.277323 0.001477
0.840167 2.480724 0.001467
5.093621 1.921014 0.001486
0.23185 1.387991 0.001469
4.677552 0.570059 0.00147
3.181857 0.937765 0.001492
6.084986 0.254975 0.001477
5.053304 2.068163 0.001475
3.469156 1.6086 0.001481
4.085781 0.749026 0.001466
1.342978 2.939466 0.001495
2.637542 1.418063 0.001485
5.577165 0.799378 0.001488
3.148452 2.461246 0.00148
0.382471 1.904521 0.001469
0.161356 1.793047 0.001431
4.32627 2.153457 0.001486
4.485007 2.111674 0.001484
1.762643 0.997281 0.001483
5.575908 1.486567 0.001481
0.171514 2.027497 0.00147
4.547194 1.433003 0.001465
3.072774 1.433631 0.001493
5.371862 2.99118 0.001483
2.128063 0.614984 0.001458
1.329487 1.826976 0.001448
6.190212 1.684278 0.001471
4.260436 2.699728 0.001485
5.51168 1.086729 0.001475
5.022848 2.502313 0.001479
5.538296 0.939633 0.00148
4.192281 1.773377 0.001474
2.968124 1.560464 0.001461
4.404687 1.45735 0.001478
6.188449 1.151882 0.001472
2.261912 1.800412 0.001451
0.844617 1.017911 0.001464
2.55668 1.548177 0.001473
3.329268 2.56977 0.001481
5.91054 1.894066 0.001471
0.771052 2.088758 0.001481
5.042169 1.541318 0.001473
0.257349 2.420632 0.001478
1.384378 0.294228 0.001484
1.602823 0.946719 0.00147
1.665987 1.789015 0.001483
0.47007 2.396896 0.001468
5.450838 2.229309 0.001472
2.220198 2.783905 0.001475
4.941778 0.582399 0.001491
1.22934 2.351604 0.001482
4.584282 2.513658 0.00148
2.829406 1.822525 0.001482
0.471379 1.651204 0.001438
2.152288 1.24805 0.00147
3.228144 1.413734 0.001469
1.66185 1.531055 0.001498
3.161263 2.065021 0.001485
0.54552 2.263326 0.001477
5.206055 0.778748 0.00148
0.250402 2.162428 0.001477
0.330007 2.036258 0.001465
4.157304 2.180841 0.001487
2.976135 1.827307 0.001479
3.357315 1.365109 0.001487
4.029459 0.8827 0.001477
0.870186 1.488836 0.001482
0.981992 1.584759 0.001476
0.958343 0.898269 0.001467
1.385844 2.264512 0.00148
1.128966 0.931622 0.001484
1.297425 0.975307 0.00147
4.781452 1.070044 0.001471
0.852785 1.641674 0.00148
3.897582 2.311252 0.001461
1.170156 0.534036 0.001486
2.256676 2.644977 0.001481
5.278801 2.266327 0.00146
5.213508 2.010235 0.001466
4.717922 1.765523 0.001481
2.583297 1.938258 0.001482
1.895689 1.23044 0.001486
5.070321 0.998224 0.001474
6.176895 2.535649 0.001481
2.368604 1.05198 0.001473
1.866647 2.444072 0.001478
4.448932 1.317078 0.001468
5.609157 2.177735 0.001475
6.086434 0.882002 0.001473
3.976977 1.939549 0.001471
2.478437 1.673788 0.001465
5.770495 1.95812 0.001475
1.457228 1.031647 0.001485
2.234824 0.967855 0.001484
3.97689 2.44854 0.001481
1.590466 0.804544 0.001425
0.038851 2.416461 0.001484
5.942235 2.491754 0.001483
0.21951 1.243704 0.001482
4.132835 3.074223 0.001465
2.994008 2.081323 0.001486
4.440763 1.062661 0.001474
1.489377 1.168987 0.001473
0.483962 1.51793 0.001457
3.499926 0.751277 0.001481
0.992324 0.640361 0.001482
2.567624 1.287826 0.001475
5.57795 2.334814 0.001481
5.175215 2.148116 0.001429
2.289575 2.353629 0.001466
5.001154 0.238587 0.001432
0.462757 0.80046 0.001467
0.332939 0.149941 0.001475
4.902316 2.084133 0.001417
5.826066 1.519239 0.001484
2.656094 2.847662 0.001481
3.511568 0.891811 0.001482
5.627779 0.658687 0.001485
2.491964 1.420454 0.001479
0.748031 0.628964 0.001477
0.060231 1.895672 0.001507
5.710351 1.431868 0.001476
4.22998 1.627607 0.001481
5.156942 1.639842 0.001484
0.875527 0.504714 0.001483
1.369403 1.252117 0.001456
1.433177 0.88551 0.001465
4.348593 2.559176 0.001483
1.761002 0.84727 0.001472
1.487108 2.026048 0.001471
1.134778 1.375145 0.001477
5.430033 0.569152 0.001481
1.011663 2.572127 0.001479
2.026118 2.563103 0.00148
4.759286 2.153125 0.00146
6.269519 0.912039 0.001481
3.642624 1.94222 0.001467
5.127498 1.7798 0.001485
5.989167 1.006584 0.001437
6.020531 0.506477 0.001481
2.793975 1.156298 0.001486
1.660105 0.542815 0.001474
4.671601 1.905219 0.001472
3.44151 2.13089 0.00147
0.348682 2.283973 0.001477
5.192197 0.640134 0.001478
1.895777 1.391132 0.001516
3.921092 0.645301 0.001465
3.260223 1.22646 0.001492
5.236756 1.209827 0.001463
4.827109 1.857676 0.00148
0.863013 0.256441 0.001484
3.757223 2.43182 0.001468
1.816451 1.797148 0.001485
0.765414 1.263967 0.001468
4.423397 1.853679 0.001484
4.798242 1.486218 0.001473
5.849488 0.387271 0.001477
5.747893 2.271284 0.001482
1.805927 2.05324 0.001479
3.524291 0.305084 0.001482
0.491467 2.019049 0.001479
5.6667 1.723129 0.001481
2.403737 1.925517 0.001512
6.243043 0.388057 0.001483
5.778942 0.764891 0.001483
5.901307 2.196322 0.001479
3.061988 1.950929 0.001483
4.321191 0.716213 0.001467
5.982029 2.638083 0.001484
3.563439 2.515124 0.001477
2.570783 2.179532 0.001467
5.138494 0.364041 0.001443
5.218098 1.361741 0.001466
3.989509 1.020215 0.00148
3.988322 1.545594 0.001476
3.026087 0.261154 0.001476
1.752415 1.663229 0.001473
5.918028 2.344483 0.001484
3.681475 1.803868 0.001492
0.35966 1.463127 0.001486
1.915359 0.776706 0.001482
1.630382 1.232796 0.001485
5.069117 1.406159 0.001461
5.846853 1.373784 0.001468
5.44815 2.625202 0.001484
4.845261 0.829834 0.001485
2.046975 2.168432 0.001461
6.112963 1.410209 0.001528
4.567474 1.809104 0.001477
5.728118 2.573645 0.001484
6.194941 2.130506 0.001481
2.928191 0.778818 0.001482
3.354872 0.969461 0.001474
3.056473 1.042223 0.001478
0.339955 1.618985 0.001498
3.071308 0.660223 0.001485
0.486284 1.234402 0.001475
3.620075 2.093627 0.001481
3.789337 2.170422 0.001498
5.297563 2.752454 0.001482
1.423909 2.409287 0.001485
3.536264 1.170645 0.001465
4.365627 1.198587 0.001482
6.128985 0.635247 0.001481
2.147226 2.054584 0.001492
2.410684 1.548037 0.001464
2.825845 2.341865 0.001481
2.397192 1.792994 0.001435
1.8974 1.9255 0.001478
1.525976 1.478102 0.001498
1.620556 1.086747 0.001475
3.327051 2.032925 0.001478
4.654671 1.529956 0.001481
4.09374 2.831291 0.001483
0.652823 1.988471 0.00148
0.062535 1.19562 0.001481
3.022596 2.339649 0.001483
2.949973 1.164187 0.001484
0.804614 1.943843 0.001481
2.443758 2.285997 0.001447
4.600985 2.364188 0.001484
4.717869 0.939074 0.001483
6.042208 2.109143 0.001454
0.967977 2.705627 0.001471
4.900448 0.965603 0.001487
6.028664 2.779018 0.001481
3.294867 0.691901 0.001483
2.033832 1.155652 0.001465
2.832477 1.555507 0.001472
4.385279 0.561158 0.001493
5.718118 0.905669 0.001486
3.67781 1.112892 0.001476
3.685088 0.830986 0.001483
4.508482 1.569173 0.001475
3.847788 0.923105 0.001482
3.976523 2.18613 0.001492
2.49062 0.279549 0.001474
4.63898 0.81081 0.001489
2.425938 0.5717 0.001454
0.188338 1.10701 0.001473
5.299902 1.59188 0.001482
0.541872 1.886038 0.001475
3.148399 1.308979 0.001435
2.716448 1.026795 0.001488
1.070585 0.390832 0.001484
2.225173 1.92735 0.001488
6.060324 1.834568 0.001487
5.219145 0.919317 0.001479
4.13287 1.920805 0.001487
1.94866 2.309018 0.001463
3.215368 2.317501 0.001482
2.717862 0.781174 0.001476
3.429502 1.754545 0.001475
5.386854 0.8509 0.001483
3.912417 1.820239 0.001421
0.777597 0.89209 0.001462
0.123499 0.812381 0.001482
1.502624 1.318352 0.001476
0.293547 0.578158 0.001483
4.054452 1.799696 0.001464
5.784946 1.810814 0.001477
1.871726 2.181487 0.001478
5.337182 2.117713 0.001469
3.233257 1.548369 0.001435
1.886369 0.644009 0.001484
5.632439 2.020393 0.001478
0.701291 2.630962 0.001509
0.683611 2.368534 0.00147
1.454296 1.884048 0.001436
3.881525 1.448728 0.001482
3.598712 1.550201 0.001479
2.71362 1.286604 0.001479
3.698457 0.688777 0.001478
5.966268 1.46763 0.001472
5.127463 2.632236 0.001482
3.622989 2.797501 0.001482
3.186238 2.848604 0.001477
0.325783 0.294978 0.001483
5.688133 2.71671 0.001484
0.565958 0.519864 0.001483
5.838441 1.027737 0.001475
1.644886 2.046049 0.00148
5.593972 2.855044 0.001481
5.4659 1.393261 0.001482
1.173874 1.071981 0.00147
1.896894 1.677035 0.001471
2.111517 1.550306 0.001468
0.60926 1.603312 0.001471
5.601023 1.336538 0.001484
4.535116 0.684867 0.001493
5.894431 2.044688 0.001464
1.894712 0.236667 0.001468
1.357709 2.122338 0.001479
6.071459 2.251265 0.001476
3.062721 2.600802 0.001485
2.185431 1.673893 0.001473
4.467729 1.707648 0.001475
5.689651 1.577621 0.001483
4.059025 0.27166 0.001501
0.622943 1.173123 0.00147
1.490005 1.611288 0.001454
0.888425 1.337568 0.001491
3.831417 0.396417 0.001471
2.114519 0.745674 0.001453
2.489293 2.043728 0.001477
4.071347 2.059174 0.001474
0.740299 1.54994 0.001476
0.28866 0.723404 0.001477
2.696062 2.464143 0.001479
5.756113 2.115514 0.001474
3.281132 2.710915 0.001482
3.384316 1.898639 0.001485
2.327152 1.662531 0.001474
3.804451 1.735171 0.001461
1.569592 2.302019 0.001478
5.552905 1.63279 0.001483
4.030332 0.507297 0.00145
6.091618 1.258103 0.001448
3.505005 0.457748 0.001477
5.244837 1.871464 0.001477
4.328923 1.742083 0.001478
2.930251 2.977654 0.001466
0.03454 0.525309 0.001483
0.493213 1.087759 0.001496
4.621248 1.070288 0.001491
6.259728 1.425166 0.001451
4.538799 0.447607 0.001427
1.743357 1.922306 0.001473
5.924154 1.754876 0.001474
0.619697 2.506537 0.001431
2.983675 0.523546 0.001482
4.345311 0.950646 0.001478
2.662238 2.065143 0.001478
4.786094 2.448662 0.001478
5.994351 0.754035 0.001481
3.635084 1.406561 0.001473
5.170032 2.392916 0.001475
0.624339 1.31528 0.001486
1.426527 0.73145 0.001469
2.317937 1.18192 0.001461
0.944956 1.888446 0.001482
0.671393 0.386189 0.001484
2.479223 2.429027 0.001469
4.575014 0.310145 0.001495
1.674556 0.684675 0.001509
0.502445 2.914543 0.001464
4.947816 1.107254 0.001473
2.491562 0.420712 0.001456
2.133141 2.287673 0.001422
5.776691 1.147153 0.001441
6.209166 1.546589 0.001454
0.145246 2.551113 0.001476
4.08627 2.579021 0.001484
2.999191 0.909753 0.001482
4.265288 1.484263 0.001482
3.875713 0.784246 0.001478
3.3603 2.425711 0.001475
1.629998 1.379473 0.00147
1.077863 1.824375 0.001481
3.127159 1.820378 0.001476
0.606362 0.897204 0.001429
1.370537 1.697664 0.001499
2.087676 2.426776 0.001467
1.760898 1.428517 0.00143
2.341359 1.429791 0.001457
0.176418 2.801812 0.001486
0.158581 0.960542 0.001478
3.256086 0.548714 0.001482
2.278283 2.502732 0.001482
3.701285 1.644013 0.001473
4.594614 1.296797 0.001426
1.407486 0.448253 0.001483
4.526267 1.957736 0.001481
0.008849 2.674769 0.00149
1.334583 1.978767 0.001469
2.535422 1.812577 0.001467
1.748314 2.826491 0.001493
4.279966 1.891012 0.001488
2.919918 2.212275 0.001483
0.665128 0.760004 0.001468
1.766954 1.292137 0.00147
1.062731 1.16759 0.001435
6.113784 2.393387 0.001482
2.858657 1.290654 0.001479
2.827643 2.080432 0.001486
0.299952 1.757407 0.001494
3.132849 0.79854 0.001489
1.247544 1.480598 0.001458
4.826184 2.591779 0.001483
1.001086 1.041787 0.001486
0.75201 1.404641 0.001476
1.398061 1.413507 0.001479
4.213766 1.226897 0.001486
4.931166 1.427871 0.001497
2.903739 1.954943 0.001486
5.102191 1.273654 0.001425
3.223117 1.07898 0.001494
5.547546 0.285745 0.001465
1.047843 2.42318 0.001478
4.760333 1.626961 0.001481
0.731607 2.229833 0.001478
4.379799 2.00287 0.001484
4.572763 2.658835 0.001483
0.436367 1.780026 0.001444
3.378556 1.104968 0.001463
2.099928 0.359451 0.001455
3.40245 1.239097 0.001421
2.697459 0.530667 0.001474
6.210091 0.770057 0.00148
5.529063 1.777932 0.001484
5.090392 1.140433 0.001454
4.228846 2.037323 0.001482
2.143561 2.920075 0.001462
4.306321 1.341512 0.001478
0.034837 1.741716 0.001457
3.917671 1.304319 0.001484
5.389455 1.828093 0.001484
4.438372 0.152769 0.001465
1.200106 1.908238 0.001475
1.64136 2.439674 0.001483
3.760015 2.03179 0.00143
4.367145 1.597674 0.00148
2.619512 1.683894 0.00148
6.149737 1.020808 0.001462
2.836492 0.391966 0.001468
5.027194 2.866267 0.001485
2.272838 1.313552 0.001421
1.759362 2.314499 0.001474
4.694133 1.387711 0.001456
0.489338 1.376978 0.001477
1.07446 0.78285 0.001478
2.888084 1.031786 0.001485
1.221399 0.676804 0.001477
1.764196 1.146489 0.00148
4.856047 0.440434 0.001483
5.64724 1.869754 0.00148
4.78126 1.996918 0.001463
0.021991 2.027916 0.001429
4.166869 0.617724 0.001431
1.198343 1.225186 0.001511
0.031381 1.055086 0.001473
5.712637 0.521749 0.001481
3.097523 2.201838 0.001485
5.486495 1.241156 0.001478
4.818592 1.334496 0.001472
2.682222 1.817429 0.00148
1.613871 1.658709 0.001439
4.997576 0.721048 0.001487
5.272605 1.731873 0.001482
6.203616 1.829611 0.001491
4.963263 1.277337 0.001496
5.896909 1.216372 0.001488
6.111462 2.917737 0.001473
0.618091 1.458799 0.001481
1.590903 2.686795 0.001476
2.395744 2.158222 0.001435
0.592051 2.762333 0.001471
3.187565 1.689706 0.001466
3.774711 1.352735 0.001481
0.456735 0.954922 0.001453
2.92477 1.425463 0.001491
3.497308 0.606258 0.001482
2.780728 1.420262 0.001489
3.844821 1.592473 0.001478
4.635088 2.058319 0.001479
2.619687 0.903889 0.001486
0.604355 2.126719 0.001482
2.900283 1.692882 0.001479
4.94354 1.94962 0.001461
0.397621 2.541304 0.001455
6.230721 1.293376 0.001464
3.00345 1.299956 0.001473
1.210089 1.757791 0.001461
2.494843 0.792379 0.001483
5.477192 0.42867 0.001476
5.488799 2.074271 0.001475
0.42956 2.153911 0.001477
0.767805 1.128722 0.001431
5.18581 1.500774 0.001481
0.871146 0.761348 0.00148
0.298643 3.045041 0.001463
5.370256 1.144953 0.001473
1.096643 1.671868 0.001481
0.692529 1.846855 0.001478
3.491008 1.454819 0.001473
5.875546 0.63242 0.001483
0.501904 0.65778 0.001479
2.695591 1.552209 0.001477
4.493595 2.941107 0.001476
5.532938 2.486274 0.001481
3.801257 1.901781 0.001494
1.202096 2.058616 0.001478
1.269361 2.64358 0.001485
1.332088 2.783608 0.001466
4.69689 1.205499 0.001494
2.760116 1.688135 0.001481
1.970477 1.805543 0.001481
2.284235 0.833081 0.00148
0.909107 1.181326 0.001518
4.868352 1.719359 0.001485
0.29969 0.875091 0.001478
3.906518 2.057342 0.001457
3.532529 1.849979 0.001474
2.034932 1.432025 0.001434
4.162209 0.979775 0.001484
4.271816 1.085822 0.001485
1.369717 1.549852 0.001464
1.928432 2.697319 0.001488
3.912871 2.702922 0.001483
4.980594 1.814916 0.001471
0.585104 1.74779 0.001468
3.272056 2.173825 0.001482
3.282825 1.797183 0.001479
3.58461 2.656566 0.001482
5.58076 0.139469 0.001469
2.020934 1.301405 0.001454
3.326109 0.832348 0.001479
1.26196 0.825401 0.001485
3.530295 0.161338 0.001477
5.403749 0.709965 0.001486
0.347111 2.670877 0.001485
5.387151 2.382235 0.001474
0.096901 1.333397 0.001473
1.240563 1.623348 0.001486
4.064854 1.261594 0.001485
3.659746 1.260023 0.00148
6.177401 1.966986 0.001476
6.034982 1.972623 0.001441
2.039365 1.674853 0.001481
2.544149 1.032607 0.001483
4.084926 2.315738 0.001472
2.172167 1.408917 0.001499
