5.9701  0.7016  0.0153
6.1616  2.1063  0.0157
5.2347  2.1201  0.0154
0.3806  1.8152  0.0155
2.326  2.7023  0.015
1.8536  0.6654  0.0151
6.0894  1.1895  0.0148
3.4207  0.3451  0.0151
0.411  2.2493  0.0154
1.2244  1.2078  0.0151
3.1095  1.1844  0.0151
4.9508  1.7326  0.0155
2.6439  1.2189  0.0158
5.0204  2.5908  0.0154
5.1451  1.2173  0.0151
1.9934  1.8974  0.0153
1.6893  1.1142  0.0154
1.7389  0.2328  0.0159
3.7011  1.2158  0.0164
4.0656  1.5169  0.0155
5.6965  1.9704  0.0148
0.1288  2.6487  0.0153
5.8104  1.5292  0.0143
2.3196  2.2257  0.0148
3.5788  2.7505  0.0153
2.9086  1.5737  0.0147
5.4242  3.0267  0.0153
0.2528  0.9087  0.0146
3.6309  2.2699  0.015
4.464  1.7391  0.0149
2.0797  1.4412  0.0151
1.1806  0.7471  0.0151
5.6074  1.1256  0.0148
2.2171  1.0101  0.0152
5.2994  0.7283  0.0148
0.8267  1.9176  0.0147
3.9129  0.7846  0.0152
4.5048  0.5088  0.0148
1.4621  2.0048  0.0154
5.3733  1.6163  0.0152
5.7231  2.4317  0.0151
0.5346  0.5112  0.0156
1.2047  2.748  0.0149
2.6418  0.664  0.0163
0.7829  1.4843  0.0153
3.2895  0.7749  0.0153
1.036  2.3221  0.0157
3.7298  1.7958  0.0147
5.553  0.2759  0.0156
0.7579  1.037  0.0149
4.2646  1.1152  0.0153
4.6801  2.1499  0.0151
4.7379  0.9229  0.0144
0.2857  1.3433  0.0157
3.3868  1.5255  0.0148
1.6646  1.5757  0.0152
6.2287  1.6484  0.0153
1.1978  1.652  0.0148
1.7543  2.3714  0.0149
3.255  1.9713  0.015
2.4434  1.6824  0.0155
4.2622  2.4602  0.0146
2.9682  2.4065  0.015
4.1231  2.0314  0.0144
4.6832  1.3557  0.0149
2.7596  2.0034  0.0144
