

#input parameter file for a shaped pulse
# (see 'shape1.cc') that incorporates a Phase Shifted Lee Golderburg
# and a selective gaussian pulse supperimposed
# the list of numbers in 'shape{' are all phases
# where 'dt' is the time for each step and amp is its amplitude

spins{
	numspin 2
	T 1H 0
	T 1H 1
	C 5 0 0 0
	C 100 0 0 1
	D 500 0 1
	#C -1200 0 0 2
	#C -600 0 0 3
	#C -1500 0 0 4
	#C -600 0 0 5
}

params{
	wr 0
	rotor 0
	sw 10000
	npts 1024
	outfile fid
	pangle 54.7356
	pphase 270
	isostep 50
	stepsize 100
}

shape{
	amp 20000
	dt 3.402e-6 

	8.6700000e+00
	2.5990000e+01
	4.3320000e+01
	6.0640000e+01
	7.7970000e+01
	9.5300000e+01
	1.1261000e+02
	1.2993000e+02
	1.4724000e+02
	1.6456000e+02
	1.8187000e+02
	1.9919000e+02
	1.9180000e+01
	1.8500000e+00
	3.4453000e+02
	3.2720000e+02
	3.0988000e+02
	2.9255000e+02
	2.7524000e+02
	2.5792000e+02
	2.4061000e+02
	2.2329000e+02
	2.0598000e+02
	1.8866000e+02
	8.6700000e+00
	2.5990000e+01
	4.3320000e+01
	6.0650000e+01
	7.7970000e+01
	9.5300000e+01
	1.1262000e+02
	1.2993000e+02
	1.4724000e+02
	1.6456000e+02
	1.8187000e+02
	1.9919000e+02
	1.9180000e+01
	1.8500000e+00
	3.4453000e+02
	3.2720000e+02
	3.0987000e+02
	2.9255000e+02
	2.7523000e+02
	2.5792000e+02
	2.4060000e+02
	2.2329000e+02
	2.0597000e+02
	1.8866000e+02
	8.6700000e+00
	2.6000000e+01
	4.3320000e+01
	6.0650000e+01
	7.7980000e+01
	9.5310000e+01
	1.1262000e+02
	1.2993000e+02
	1.4725000e+02
	1.6456000e+02
	1.8187000e+02
	1.9919000e+02
	1.9180000e+01
	1.8500000e+00
	3.4452000e+02
	3.2719000e+02
	3.0987000e+02
	2.9254000e+02
	2.7523000e+02
	2.5791000e+02
	2.4060000e+02
	2.2329000e+02
	2.0597000e+02
	1.8866000e+02
	8.6700000e+00
	2.6000000e+01
	4.3330000e+01
	6.0660000e+01
	7.7980000e+01
	9.5310000e+01
	1.1263000e+02
	1.2994000e+02
	1.4725000e+02
	1.6456000e+02
	1.8187000e+02
	1.9919000e+02
	1.9180000e+01
	1.8500000e+00
	3.4452000e+02
	3.2719000e+02
	3.0986000e+02
	2.9253000e+02
	2.7522000e+02
	2.5791000e+02
	2.4060000e+02
	2.2328000e+02
	2.0597000e+02
	1.8866000e+02
	8.6700000e+00
	2.6000000e+01
	4.3330000e+01
	6.0660000e+01
	7.7990000e+01
	9.5320000e+01
	1.1263000e+02
	1.2994000e+02
	1.4725000e+02
	1.6456000e+02
	1.8188000e+02
	1.9919000e+02
	1.9180000e+01
	1.8500000e+00
	3.4452000e+02
	3.2718000e+02
	3.0985000e+02
	2.9252000e+02
	2.7521000e+02
	2.5790000e+02
	2.4059000e+02
	2.2328000e+02
	2.0597000e+02
	1.8866000e+02
	8.6700000e+00
	2.6000000e+01
	4.3340000e+01
	6.0670000e+01
	7.8000000e+01
	9.5330000e+01
	1.1264000e+02
	1.2995000e+02
	1.4726000e+02
	1.6457000e+02
	1.8188000e+02
	1.9919000e+02
	1.9170000e+01
	1.8400000e+00
	3.4451000e+02
	3.2718000e+02
	3.0985000e+02
	2.9252000e+02
	2.7521000e+02
	2.5790000e+02
	2.4059000e+02
	2.2328000e+02
	2.0597000e+02
	1.8866000e+02
	8.6700000e+00
	2.6010000e+01
	4.3340000e+01
	6.0670000e+01
	7.8010000e+01
	9.5340000e+01
	1.1265000e+02
	1.2996000e+02
	1.4726000e+02
	1.6457000e+02
	1.8188000e+02
	1.9919000e+02
	1.9170000e+01
	1.8400000e+00
	3.4451000e+02
	3.2717000e+02
	3.0984000e+02
	2.9251000e+02
	2.7520000e+02
	2.5789000e+02
	2.4058000e+02
	2.2328000e+02
	2.0597000e+02
	1.8866000e+02
	8.6800000e+00
	2.6010000e+01
	4.3350000e+01
	6.0680000e+01
	7.8020000e+01
	9.5350000e+01
	1.1266000e+02
	1.2996000e+02
	1.4727000e+02
	1.6457000e+02
	1.8188000e+02
	1.9919000e+02
	1.9170000e+01
	1.8400000e+00
	3.4450000e+02
	3.2716000e+02
	3.0983000e+02
	2.9249000e+02
	2.7519000e+02
	2.5788000e+02
	2.4058000e+02
	2.2327000e+02
	2.0597000e+02
	1.8866000e+02
	8.6800000e+00
	2.6010000e+01
	4.3350000e+01
	6.0690000e+01
	7.8030000e+01
	9.5370000e+01
	1.1267000e+02
	1.2997000e+02
	1.4728000e+02
	1.6458000e+02
	1.8188000e+02
	1.9919000e+02
	1.9170000e+01
	1.8300000e+00
	3.4449000e+02
	3.2716000e+02
	3.0982000e+02
	2.9248000e+02
	2.7518000e+02
	2.5787000e+02
	2.4057000e+02
	2.2327000e+02
	2.0596000e+02
	1.8866000e+02
	8.6800000e+00
	2.6020000e+01
	4.3360000e+01
	6.0700000e+01
	7.8040000e+01
	9.5380000e+01
	1.1268000e+02
	1.2998000e+02
	1.4728000e+02
	1.6458000e+02
	1.8188000e+02
	1.9919000e+02
	1.9170000e+01
	1.8300000e+00
	3.4449000e+02
	3.2715000e+02
	3.0981000e+02
	2.9247000e+02
	2.7517000e+02
	2.5786000e+02
	2.4056000e+02
	2.2326000e+02
	2.0596000e+02
	1.8866000e+02
	8.6800000e+00
	2.6020000e+01
	4.3370000e+01
	6.0710000e+01
	7.8050000e+01
	9.5400000e+01
	1.1269000e+02
	1.2999000e+02
	1.4729000e+02
	1.6459000e+02
	1.8189000e+02
	1.9919000e+02
	1.9160000e+01
	1.8200000e+00
	3.4448000e+02
	3.2714000e+02
	3.0979000e+02
	2.9245000e+02
	2.7515000e+02
	2.5785000e+02
	2.4056000e+02
	2.2326000e+02
	2.0596000e+02
	1.8866000e+02
	8.6900000e+00
	2.6030000e+01
	4.3380000e+01
	6.0720000e+01
	7.8070000e+01
	9.5410000e+01
	1.1271000e+02
	1.3000000e+02
	1.4730000e+02
	1.6459000e+02
	1.8189000e+02
	1.9919000e+02
	1.9160000e+01
	1.8200000e+00
	3.4447000e+02
	3.2712000e+02
	3.0978000e+02
	2.9243000e+02
	2.7514000e+02
	2.5784000e+02
	2.4055000e+02
	2.2325000e+02
	2.0596000e+02
	1.8866000e+02
	8.6900000e+00
	2.6040000e+01
	4.3390000e+01
	6.0730000e+01
	7.8080000e+01
	9.5430000e+01
	1.1272000e+02
	1.3002000e+02
	1.4731000e+02
	1.6460000e+02
	1.8189000e+02
	1.9919000e+02
	1.9160000e+01
	1.8100000e+00
	3.4446000e+02
	3.2711000e+02
	3.0976000e+02
	2.9241000e+02
	2.7512000e+02
	2.5783000e+02
	2.4054000e+02
	2.2324000e+02
	2.0595000e+02
	1.8866000e+02
	8.6900000e+00
	2.6040000e+01
	4.3400000e+01
	6.0750000e+01
	7.8100000e+01
	9.5450000e+01
	1.1274000e+02
	1.3003000e+02
	1.4732000e+02
	1.6461000e+02
	1.8190000e+02
	1.9919000e+02
	1.9150000e+01
	1.8000000e+00
	3.4445000e+02
	3.2710000e+02
	3.0974000e+02
	2.9239000e+02
	2.7510000e+02
	2.5781000e+02
	2.4053000e+02
	2.2324000e+02
	2.0595000e+02
	1.8866000e+02
	8.7000000e+00
	2.6050000e+01
	4.3410000e+01
	6.0770000e+01
	7.8120000e+01
	9.5480000e+01
	1.1276000e+02
	1.3005000e+02
	1.4733000e+02
	1.6462000e+02
	1.8190000e+02
	1.9919000e+02
	1.9150000e+01
	1.7900000e+00
	3.4444000e+02
	3.2708000e+02
	3.0972000e+02
	2.9237000e+02
	2.7508000e+02
	2.5780000e+02
	2.4051000e+02
	2.2323000e+02
	2.0594000e+02
	1.8866000e+02
	8.7000000e+00
	2.6060000e+01
	4.3420000e+01
	6.0780000e+01
	7.8140000e+01
	9.5500000e+01
	1.1278000e+02
	1.3006000e+02
	1.4735000e+02
	1.6463000e+02
	1.8191000e+02
	1.9919000e+02
	1.9150000e+01
	1.7800000e+00
	3.4442000e+02
	3.2706000e+02
	3.0970000e+02
	2.9234000e+02
	2.7506000e+02
	2.5778000e+02
	2.4050000e+02
	2.2322000e+02
	2.0594000e+02
	1.8866000e+02
	8.7100000e+00
	2.6070000e+01
	4.3440000e+01
	6.0800000e+01
	7.8170000e+01
	9.5530000e+01
	1.1281000e+02
	1.3008000e+02
	1.4736000e+02
	1.6463000e+02
	1.8191000e+02
	1.9919000e+02
	1.9140000e+01
	1.7800000e+00
	3.4441000e+02
	3.2704000e+02
	3.0968000e+02
	2.9231000e+02
	2.7504000e+02
	2.5776000e+02
	2.4049000e+02
	2.2321000e+02
	2.0594000e+02
	1.8866000e+02
	8.7100000e+00
	2.6080000e+01
	4.3450000e+01
	6.0820000e+01
	7.8190000e+01
	9.5560000e+01
	1.1283000e+02
	1.3010000e+02
	1.4737000e+02
	1.6465000e+02
	1.8192000e+02
	1.9919000e+02
	1.9140000e+01
	1.7600000e+00
	3.4439000e+02
	3.2702000e+02
	3.0965000e+02
	2.9228000e+02
	2.7501000e+02
	2.5774000e+02
	2.4047000e+02
	2.2320000e+02
	2.0593000e+02
	1.8866000e+02
	8.7200000e+00
	2.6090000e+01
	4.3470000e+01
	6.0850000e+01
	7.8220000e+01
	9.5600000e+01
	1.1286000e+02
	1.3013000e+02
	1.4739000e+02
	1.6466000e+02
	1.8192000e+02
	1.9919000e+02
	1.9130000e+01
	1.7500000e+00
	3.4438000e+02
	3.2700000e+02
	3.0962000e+02
	2.9225000e+02
	2.7498000e+02
	2.5772000e+02
	2.4045000e+02
	2.2319000e+02
	2.0592000e+02
	1.8866000e+02
	8.7200000e+00
	2.6100000e+01
	4.3490000e+01
	6.0870000e+01
	7.8250000e+01
	9.5630000e+01
	1.1289000e+02
	1.3015000e+02
	1.4741000e+02
	1.6467000e+02
	1.8193000e+02
	1.9919000e+02
	1.9120000e+01
	1.7400000e+00
	3.4436000e+02
	3.2698000e+02
	3.0959000e+02
	2.9221000e+02
	2.7495000e+02
	2.5769000e+02
	2.4044000e+02
	2.2318000e+02
	2.0592000e+02
	1.8866000e+02
	8.7300000e+00
	2.6120000e+01
	4.3510000e+01
	6.0900000e+01
	7.8290000e+01
	9.5670000e+01
	1.1293000e+02
	1.3018000e+02
	1.4743000e+02
	1.6468000e+02
	1.8193000e+02
	1.9919000e+02
	1.9120000e+01
	1.7300000e+00
	3.4434000e+02
	3.2695000e+02
	3.0956000e+02
	2.9217000e+02
	2.7492000e+02
	2.5767000e+02
	2.4042000e+02
	2.2316000e+02
	2.0591000e+02
	1.8866000e+02
	8.7400000e+00
	2.6130000e+01
	4.3530000e+01
	6.0920000e+01
	7.8320000e+01
	9.5720000e+01
	1.1296000e+02
	1.3021000e+02
	1.4745000e+02
	1.6470000e+02
	1.8194000e+02
	1.9919000e+02
	1.9110000e+01
	1.7100000e+00
	3.4432000e+02
	3.2692000e+02
	3.0953000e+02
	2.9213000e+02
	2.7488000e+02
	2.5764000e+02
	2.4039000e+02
	2.2315000e+02
	2.0591000e+02
	1.8866000e+02
	8.7400000e+00
	2.6150000e+01
	4.3550000e+01
	6.0960000e+01
	7.8360000e+01
	9.5760000e+01
	1.1300000e+02
	1.3024000e+02
	1.4747000e+02
	1.6471000e+02
	1.8195000e+02
	1.9919000e+02
	1.9100000e+01
	1.7000000e+00
	3.4429000e+02
	3.2689000e+02
	3.0949000e+02
	2.9208000e+02
	2.7485000e+02
	2.5761000e+02
	2.4037000e+02
	2.2313000e+02
	2.0590000e+02
	1.8866000e+02
	8.7500000e+00
	2.6160000e+01
	4.3580000e+01
	6.0990000e+01
	7.8400000e+01
	9.5810000e+01
	1.1304000e+02
	1.3027000e+02
	1.4750000e+02
	1.6473000e+02
	1.8196000e+02
	1.9919000e+02
	1.9090000e+01
	1.6800000e+00
	3.4427000e+02
	3.2686000e+02
	3.0945000e+02
	2.9203000e+02
	2.7481000e+02
	2.5758000e+02
	2.4035000e+02
	2.2312000e+02
	2.0589000e+02
	1.8866000e+02
	8.7600000e+00
	2.6180000e+01
	4.3600000e+01
	6.1020000e+01
	7.8440000e+01
	9.5860000e+01
	1.1308000e+02
	1.3030000e+02
	1.4752000e+02
	1.6475000e+02
	1.8197000e+02
	1.9919000e+02
	1.9090000e+01
	1.6700000e+00
	3.4424000e+02
	3.2682000e+02
	3.0940000e+02
	2.9198000e+02
	2.7476000e+02
	2.5754000e+02
	2.4032000e+02
	2.2310000e+02
	2.0588000e+02
	1.8866000e+02
	8.7700000e+00
	2.6200000e+01
	4.3630000e+01
	6.1060000e+01
	7.8490000e+01
	9.5920000e+01
	1.1313000e+02
	1.3034000e+02
	1.4755000e+02
	1.6476000e+02
	1.8197000e+02
	1.9919000e+02
	1.9080000e+01
	1.6500000e+00
	3.4422000e+02
	3.2679000e+02
	3.0936000e+02
	2.9193000e+02
	2.7472000e+02
	2.5750000e+02
	2.4029000e+02
	2.2308000e+02
	2.0587000e+02
	1.8866000e+02
	8.7800000e+00
	2.6220000e+01
	4.3660000e+01
	6.1100000e+01
	7.8540000e+01
	9.5980000e+01
	1.1318000e+02
	1.3038000e+02
	1.4758000e+02
	1.6478000e+02
	1.8198000e+02
	1.9919000e+02
	1.9070000e+01
	1.6300000e+00
	3.4419000e+02
	3.2675000e+02
	3.0931000e+02
	2.9187000e+02
	2.7467000e+02
	2.5747000e+02
	2.4026000e+02
	2.2306000e+02
	2.0586000e+02
	1.8866000e+02
	8.7900000e+00
	2.6240000e+01
	4.3690000e+01
	6.1140000e+01
	7.8590000e+01
	9.6040000e+01
	1.1323000e+02
	1.3042000e+02
	1.4761000e+02
	1.6480000e+02
	1.8199000e+02
	1.9919000e+02
	1.9060000e+01
	1.6100000e+00
	3.4416000e+02
	3.2671000e+02
	3.0926000e+02
	2.9181000e+02
	2.7462000e+02
	2.5742000e+02
	2.4023000e+02
	2.2304000e+02
	2.0585000e+02
	1.8866000e+02
	8.8000000e+00
	2.6260000e+01
	4.3720000e+01
	6.1180000e+01
	7.8640000e+01
	9.6100000e+01
	1.1328000e+02
	1.3046000e+02
	1.4764000e+02
	1.6483000e+02
	1.8201000e+02
	1.9919000e+02
	1.9050000e+01
	1.5900000e+00
	3.4412000e+02
	3.2666000e+02
	3.0920000e+02
	2.9174000e+02
	2.7456000e+02
	2.5738000e+02
	2.4020000e+02
	2.2302000e+02
	2.0584000e+02
	1.8866000e+02
	8.8100000e+00
	2.6280000e+01
	4.3760000e+01
	6.1230000e+01
	7.8700000e+01
	9.6170000e+01
	1.1334000e+02
	1.3051000e+02
	1.4768000e+02
	1.6485000e+02
	1.8202000e+02
	1.9919000e+02
	1.9030000e+01
	1.5600000e+00
	3.4409000e+02
	3.2662000e+02
	3.0915000e+02
	2.9167000e+02
	2.7451000e+02
	2.5734000e+02
	2.4017000e+02
	2.2300000e+02
	2.0583000e+02
	1.8866000e+02
	8.8200000e+00
	2.6310000e+01
	4.3790000e+01
	6.1270000e+01
	7.8760000e+01
	9.6240000e+01
	1.1340000e+02
	1.3056000e+02
	1.4771000e+02
	1.6487000e+02
	1.8203000e+02
	1.9919000e+02
	1.9020000e+01
	1.5400000e+00
	3.4406000e+02
	3.2657000e+02
	3.0909000e+02
	2.9160000e+02
	2.7445000e+02
	2.5729000e+02
	2.4013000e+02
	2.2298000e+02
	2.0582000e+02
	1.8866000e+02
	8.8400000e+00
	2.6330000e+01
	4.3830000e+01
	6.1320000e+01
	7.8820000e+01
	9.6310000e+01
	1.1346000e+02
	1.3061000e+02
	1.4775000e+02
	1.6490000e+02
	1.8204000e+02
	1.9919000e+02
	1.9010000e+01
	1.5100000e+00
	3.4402000e+02
	3.2652000e+02
	3.0903000e+02
	2.9153000e+02
	2.7439000e+02
	2.5724000e+02
	2.4010000e+02
	2.2295000e+02
	2.0581000e+02
	1.8866000e+02
	8.8500000e+00
	2.6360000e+01
	4.3860000e+01
	6.1370000e+01
	7.8880000e+01
	9.6390000e+01
	1.1352000e+02
	1.3066000e+02
	1.4779000e+02
	1.6492000e+02
	1.8205000e+02
	1.9919000e+02
	1.9000000e+01
	1.4900000e+00
	3.4398000e+02
	3.2647000e+02
	3.0896000e+02
	2.9146000e+02
	2.7432000e+02
	2.5719000e+02
	2.4006000e+02
	2.2293000e+02
	2.0579000e+02
	1.8866000e+02
	8.8600000e+00
	2.6380000e+01
	4.3900000e+01
	6.1430000e+01
	7.8950000e+01
	9.6470000e+01
	1.1359000e+02
	1.3071000e+02
	1.4783000e+02
	1.6495000e+02
	1.8207000e+02
	1.9919000e+02
	1.8990000e+01
	1.4600000e+00
	3.4394000e+02
	3.2642000e+02
	3.0890000e+02
	2.9138000e+02
	2.7426000e+02
	2.5714000e+02
	2.4002000e+02
	2.2290000e+02
	2.0578000e+02
	1.8866000e+02
	8.8700000e+00
	2.6410000e+01
	4.3940000e+01
	6.1480000e+01
	7.9010000e+01
	9.6550000e+01
	1.1365000e+02
	1.3076000e+02
	1.4787000e+02
	1.6497000e+02
	1.8208000e+02
	1.9919000e+02
	1.8970000e+01
	1.4400000e+00
	3.4390000e+02
	3.2637000e+02
	3.0883000e+02
	2.9130000e+02
	2.7419000e+02
	2.5709000e+02
	2.3998000e+02
	2.2287000e+02
	2.0577000e+02
	1.8866000e+02
	8.8900000e+00
	2.6440000e+01
	4.3980000e+01
	6.1530000e+01
	7.9080000e+01
	9.6630000e+01
	1.1372000e+02
	1.3081000e+02
	1.4791000e+02
	1.6500000e+02
	1.8209000e+02
	1.9919000e+02
	1.8960000e+01
	1.4100000e+00
	3.4386000e+02
	3.2631000e+02
	3.0877000e+02
	2.9122000e+02
	2.7412000e+02
	2.5703000e+02
	2.3994000e+02
	2.2285000e+02
	2.0575000e+02
	1.8866000e+02
	8.9000000e+00
	2.6460000e+01
	4.4030000e+01
	6.1590000e+01
	7.9150000e+01
	9.6710000e+01
	1.1379000e+02
	1.3087000e+02
	1.4795000e+02
	1.6503000e+02
	1.8211000e+02
	1.9919000e+02
	1.8940000e+01
	1.3800000e+00
	3.4382000e+02
	3.2626000e+02
	3.0870000e+02
	2.9113000e+02
	2.7406000e+02
	2.5698000e+02
	2.3990000e+02
	2.2282000e+02
	2.0574000e+02
	1.8866000e+02
	8.9200000e+00
	2.6490000e+01
	4.4070000e+01
	6.1640000e+01
	7.9220000e+01
	9.6790000e+01
	1.1386000e+02
	1.3093000e+02
	1.4799000e+02
	1.6506000e+02
	1.8212000e+02
	1.9919000e+02
	1.8930000e+01
	1.3500000e+00
	3.4378000e+02
	3.2620000e+02
	3.0863000e+02
	2.9105000e+02
	2.7399000e+02
	2.5692000e+02
	2.3986000e+02
	2.2279000e+02
	2.0573000e+02
	1.8866000e+02
	8.9300000e+00
	2.6520000e+01
	4.4110000e+01
	6.1700000e+01
	7.9290000e+01
	9.6880000e+01
	1.1393000e+02
	1.3098000e+02
	1.4803000e+02
	1.6508000e+02
	1.8213000e+02
	1.9919000e+02
	1.8920000e+01
	1.3300000e+00
	3.4374000e+02
	3.2615000e+02
	3.0856000e+02
	2.9097000e+02
	2.7392000e+02
	2.5687000e+02
	2.3981000e+02
	2.2276000e+02
	2.0571000e+02
	1.8866000e+02
	8.9400000e+00
	2.6550000e+01
	4.4150000e+01
	6.1750000e+01
	7.9360000e+01
	9.6960000e+01
	1.1400000e+02
	1.3104000e+02
	1.4807000e+02
	1.6511000e+02
	1.8215000e+02
	1.9919000e+02
	1.8900000e+01
	1.3000000e+00
	3.4369000e+02
	3.2609000e+02
	3.0849000e+02
	2.9088000e+02
	2.7385000e+02
	2.5681000e+02
	2.3977000e+02
	2.2273000e+02
	2.0570000e+02
	1.8866000e+02
	8.9600000e+00
	2.6580000e+01
	4.4190000e+01
	6.1810000e+01
	7.9430000e+01
	9.7050000e+01
	1.1407000e+02
	1.3109000e+02
	1.4812000e+02
	1.6514000e+02
	1.8216000e+02
	1.9919000e+02
	1.8890000e+01
	1.2700000e+00
	3.4365000e+02
	3.2604000e+02
	3.0842000e+02
	2.9080000e+02
	2.7378000e+02
	2.5675000e+02
	2.3973000e+02
	2.2271000e+02
	2.0568000e+02
	1.8866000e+02
	8.9700000e+00
	2.6600000e+01
	4.4230000e+01
	6.1870000e+01
	7.9500000e+01
	9.7130000e+01
	1.1414000e+02
	1.3115000e+02
	1.4816000e+02
	1.6517000e+02
	1.8218000e+02
	1.9919000e+02
	1.8870000e+01
	1.2400000e+00
	3.4361000e+02
	3.2598000e+02
	3.0835000e+02
	2.9072000e+02
	2.7371000e+02
	2.5670000e+02
	2.3969000e+02
	2.2268000e+02
	2.0567000e+02
	1.8866000e+02
	8.9800000e+00
	2.6630000e+01
	4.4270000e+01
	6.1920000e+01
	7.9560000e+01
	9.7210000e+01
	1.1421000e+02
	1.3120000e+02
	1.4820000e+02
	1.6519000e+02
	1.8219000e+02
	1.9919000e+02
	1.8860000e+01
	1.2200000e+00
	3.4357000e+02
	3.2593000e+02
	3.0828000e+02
	2.9064000e+02
	2.7364000e+02
	2.5664000e+02
	2.3965000e+02
	2.2265000e+02
	2.0566000e+02
	1.8866000e+02
	9.0000000e+00
	2.6660000e+01
	4.4310000e+01
	6.1970000e+01
	7.9630000e+01
	9.7290000e+01
	1.1427000e+02
	1.3125000e+02
	1.4824000e+02
	1.6522000e+02
	1.8220000e+02
	1.9919000e+02
	1.8850000e+01
	1.1900000e+00
	3.4353000e+02
	3.2587000e+02
	3.0821000e+02
	2.9056000e+02
	2.7357000e+02
	2.5659000e+02
	2.3961000e+02
	2.2263000e+02
	2.0564000e+02
	1.8866000e+02
	9.0100000e+00
	2.6680000e+01
	4.4350000e+01
	6.2020000e+01
	7.9700000e+01
	9.7370000e+01
	1.1434000e+02
	1.3131000e+02
	1.4828000e+02
	1.6525000e+02
	1.8222000e+02
	1.9919000e+02
	1.8840000e+01
	1.1600000e+00
	3.4349000e+02
	3.2582000e+02
	3.0815000e+02
	2.9048000e+02
	2.7351000e+02
	2.5654000e+02
	2.3957000e+02
	2.2260000e+02
	2.0563000e+02
	1.8866000e+02
	9.0200000e+00
	2.6710000e+01
	4.4390000e+01
	6.2070000e+01
	7.9760000e+01
	9.7440000e+01
	1.1440000e+02
	1.3136000e+02
	1.4831000e+02
	1.6527000e+02
	1.8223000e+02
	1.9919000e+02
	1.8820000e+01
	1.1400000e+00
	3.4346000e+02
	3.2577000e+02
	3.0809000e+02
	2.9041000e+02
	2.7345000e+02
	2.5649000e+02
	2.3953000e+02
	2.2258000e+02
	2.0562000e+02
	1.8866000e+02
	9.0400000e+00
	2.6730000e+01
	4.4430000e+01
	6.2120000e+01
	7.9820000e+01
	9.7510000e+01
	1.1446000e+02
	1.3140000e+02
	1.4835000e+02
	1.6529000e+02
	1.8224000e+02
	1.9919000e+02
	1.8810000e+01
	1.1200000e+00
	3.4342000e+02
	3.2573000e+02
	3.0803000e+02
	2.9033000e+02
	2.7339000e+02
	2.5644000e+02
	2.3950000e+02
	2.2255000e+02
	2.0561000e+02
	1.8866000e+02
	9.0500000e+00
	2.6750000e+01
	4.4460000e+01
	6.2170000e+01
	7.9870000e+01
	9.7580000e+01
	1.1451000e+02
	1.3145000e+02
	1.4838000e+02
	1.6532000e+02
	1.8225000e+02
	1.9919000e+02
	1.8800000e+01
	1.0900000e+00
	3.4339000e+02
	3.2568000e+02
	3.0797000e+02
	2.9027000e+02
	2.7333000e+02
	2.5640000e+02
	2.3946000e+02
	2.2253000e+02
	2.0559000e+02
	1.8866000e+02
	9.0600000e+00
	2.6770000e+01
	4.4490000e+01
	6.2210000e+01
	7.9920000e+01
	9.7640000e+01
	1.1457000e+02
	1.3149000e+02
	1.4841000e+02
	1.6534000e+02
	1.8226000e+02
	1.9919000e+02
	1.8790000e+01
	1.0700000e+00
	3.4336000e+02
	3.2564000e+02
	3.0792000e+02
	2.9021000e+02
	2.7328000e+02
	2.5636000e+02
	2.3943000e+02
	2.2251000e+02
	2.0558000e+02
	1.8866000e+02
	9.0700000e+00
	2.6790000e+01
	4.4520000e+01
	6.2250000e+01
	7.9970000e+01
	9.7700000e+01
	1.1461000e+02
	1.3153000e+02
	1.4844000e+02
	1.6536000e+02
	1.8227000e+02
	1.9919000e+02
	1.8780000e+01
	1.0500000e+00
	3.4333000e+02
	3.2560000e+02
	3.0787000e+02
	2.9015000e+02
	2.7323000e+02
	2.5632000e+02
	2.3940000e+02
	2.2249000e+02
	2.0557000e+02
	1.8866000e+02
	9.0800000e+00
	2.6810000e+01
	4.4550000e+01
	6.2280000e+01
	8.0020000e+01
	9.7750000e+01
	1.1466000e+02
	1.3156000e+02
	1.4847000e+02
	1.6537000e+02
	1.8228000e+02
	1.9919000e+02
	1.8770000e+01
	1.0400000e+00
	3.4330000e+02
	3.2557000e+02
	3.0783000e+02
	2.9009000e+02
	2.7319000e+02
	2.5628000e+02
	2.3938000e+02
	2.2247000e+02
	2.0557000e+02
	1.8866000e+02
	9.0800000e+00
	2.6830000e+01
	4.4570000e+01
	6.2310000e+01
	8.0060000e+01
	9.7800000e+01
	1.1470000e+02
	1.3159000e+02
	1.4849000e+02
	1.6539000e+02
	1.8229000e+02
	1.9919000e+02
	1.8760000e+01
	1.0200000e+00
	3.4328000e+02
	3.2553000e+02
	3.0779000e+02
	2.9005000e+02
	2.7315000e+02
	2.5625000e+02
	2.3935000e+02
	2.2246000e+02
	2.0556000e+02
	1.8866000e+02
	9.0900000e+00
	2.6840000e+01
	4.4590000e+01
	6.2340000e+01
	8.0090000e+01
	9.7840000e+01
	1.1473000e+02
	1.3162000e+02
	1.4851000e+02
	1.6540000e+02
	1.8229000e+02
	1.9919000e+02
	1.8760000e+01
	1.0100000e+00
	3.4326000e+02
	3.2551000e+02
	3.0776000e+02
	2.9001000e+02
	2.7312000e+02
	2.5622000e+02
	2.3933000e+02
	2.2244000e+02
	2.0555000e+02
	1.8866000e+02
	9.1000000e+00
	2.6850000e+01
	4.4610000e+01
	6.2360000e+01
	8.0120000e+01
	9.7870000e+01
	1.1476000e+02
	1.3164000e+02
	1.4853000e+02
	1.6542000e+02
	1.8230000e+02
	1.9919000e+02
	1.8750000e+01
	1.0000000e+00
	3.4324000e+02
	3.2548000e+02
	3.0773000e+02
	2.8997000e+02
	2.7309000e+02
	2.5620000e+02
	2.3932000e+02
	2.2243000e+02
	2.0555000e+02
	1.8866000e+02
	9.1000000e+00
	2.6860000e+01
	4.4620000e+01
	6.2380000e+01
	8.0140000e+01
	9.7900000e+01
	1.1478000e+02
	1.3166000e+02
	1.4854000e+02
	1.6542000e+02
	1.8231000e+02
	1.9919000e+02
	1.8750000e+01
	9.9000000e-01
	3.4323000e+02
	3.2547000e+02
	3.0770000e+02
	2.8994000e+02
	2.7306000e+02
	2.5618000e+02
	2.3930000e+02
	2.2242000e+02
	2.0554000e+02
	1.8866000e+02
	9.1000000e+00
	2.6870000e+01
	4.4630000e+01
	6.2400000e+01
	8.0160000e+01
	9.7920000e+01
	1.1480000e+02
	1.3168000e+02
	1.4855000e+02
	1.6543000e+02
	1.8231000e+02
	1.9919000e+02
	1.8740000e+01
	9.8000000e-01
	3.4321000e+02
	3.2545000e+02
	3.0769000e+02
	2.8992000e+02
	2.7305000e+02
	2.5617000e+02
	2.3929000e+02
	2.2241000e+02
	2.0554000e+02
	1.8866000e+02
	9.1100000e+00
	2.6870000e+01
	4.4640000e+01
	6.2400000e+01
	8.0170000e+01
	9.7940000e+01
	1.1481000e+02
	1.3169000e+02
	1.4856000e+02
	1.6544000e+02
	1.8231000e+02
	1.9919000e+02
	1.8740000e+01
	9.7000000e-01
	3.4321000e+02
	3.2544000e+02
	3.0768000e+02
	2.8991000e+02
	2.7303000e+02
	2.5616000e+02
	2.3928000e+02
	2.2241000e+02
	2.0554000e+02
	1.8866000e+02
	9.1100000e+00
	2.6870000e+01
	4.4640000e+01
	6.2410000e+01
	8.0180000e+01
	9.7940000e+01
	1.1482000e+02
	1.3169000e+02
	1.4857000e+02
	1.6544000e+02
	1.8231000e+02
	1.9919000e+02
	1.8740000e+01
	9.7000000e-01
	3.4320000e+02
	3.2544000e+02
	3.0767000e+02
	2.8990000e+02
	2.7303000e+02
	2.5615000e+02
	2.3928000e+02
	2.2241000e+02
	2.0553000e+02
	1.8866000e+02
	9.1100000e+00
	2.6870000e+01
	4.4640000e+01
	6.2410000e+01
	8.0180000e+01
	9.7940000e+01
	1.1482000e+02
	1.3169000e+02
	1.4857000e+02
	1.6544000e+02
	1.8231000e+02
	1.9919000e+02
	1.8740000e+01
	9.7000000e-01
	3.4320000e+02
	3.2544000e+02
	3.0767000e+02
	2.8990000e+02
	2.7303000e+02
	2.5615000e+02
	2.3928000e+02
	2.2241000e+02
	2.0553000e+02
	1.8866000e+02
	9.1100000e+00
	2.6870000e+01
	4.4640000e+01
	6.2400000e+01
	8.0170000e+01
	9.7940000e+01
	1.1481000e+02
	1.3169000e+02
	1.4856000e+02
	1.6544000e+02
	1.8231000e+02
	1.9919000e+02
	1.8740000e+01
	9.7000000e-01
	3.4321000e+02
	3.2544000e+02
	3.0768000e+02
	2.8991000e+02
	2.7303000e+02
	2.5616000e+02
	2.3928000e+02
	2.2241000e+02
	2.0554000e+02
	1.8866000e+02
	9.1000000e+00
	2.6870000e+01
	4.4630000e+01
	6.2400000e+01
	8.0160000e+01
	9.7920000e+01
	1.1480000e+02
	1.3168000e+02
	1.4855000e+02
	1.6543000e+02
	1.8231000e+02
	1.9919000e+02
	1.8740000e+01
	9.8000000e-01
	3.4321000e+02
	3.2545000e+02
	3.0769000e+02
	2.8992000e+02
	2.7305000e+02
	2.5617000e+02
	2.3929000e+02
	2.2241000e+02
	2.0554000e+02
	1.8866000e+02
	9.1000000e+00
	2.6860000e+01
	4.4620000e+01
	6.2380000e+01
	8.0140000e+01
	9.7900000e+01
	1.1478000e+02
	1.3166000e+02
	1.4854000e+02
	1.6542000e+02
	1.8231000e+02
	1.9919000e+02
	1.8750000e+01
	9.9000000e-01
	3.4323000e+02
	3.2547000e+02
	3.0770000e+02
	2.8994000e+02
	2.7306000e+02
	2.5618000e+02
	2.3930000e+02
	2.2242000e+02
	2.0554000e+02
	1.8866000e+02
	9.1000000e+00
	2.6850000e+01
	4.4610000e+01
	6.2360000e+01
	8.0120000e+01
	9.7870000e+01
	1.1476000e+02
	1.3164000e+02
	1.4853000e+02
	1.6542000e+02
	1.8230000e+02
	1.9919000e+02
	1.8750000e+01
	1.0000000e+00
	3.4324000e+02
	3.2548000e+02
	3.0773000e+02
	2.8997000e+02
	2.7309000e+02
	2.5620000e+02
	2.3932000e+02
	2.2243000e+02
	2.0555000e+02
	1.8866000e+02
	9.0900000e+00
	2.6840000e+01
	4.4590000e+01
	6.2340000e+01
	8.0090000e+01
	9.7840000e+01
	1.1473000e+02
	1.3162000e+02
	1.4851000e+02
	1.6540000e+02
	1.8229000e+02
	1.9919000e+02
	1.8760000e+01
	1.0100000e+00
	3.4326000e+02
	3.2551000e+02
	3.0776000e+02
	2.9001000e+02
	2.7312000e+02
	2.5622000e+02
	2.3933000e+02
	2.2244000e+02
	2.0555000e+02
	1.8866000e+02
	9.0800000e+00
	2.6830000e+01
	4.4570000e+01
	6.2310000e+01
	8.0060000e+01
	9.7800000e+01
	1.1470000e+02
	1.3159000e+02
	1.4849000e+02
	1.6539000e+02
	1.8229000e+02
	1.9919000e+02
	1.8760000e+01
	1.0200000e+00
	3.4328000e+02
	3.2553000e+02
	3.0779000e+02
	2.9005000e+02
	2.7315000e+02
	2.5625000e+02
	2.3935000e+02
	2.2246000e+02
	2.0556000e+02
	1.8866000e+02
	9.0800000e+00
	2.6810000e+01
	4.4550000e+01
	6.2280000e+01
	8.0020000e+01
	9.7750000e+01
	1.1466000e+02
	1.3156000e+02
	1.4847000e+02
	1.6537000e+02
	1.8228000e+02
	1.9919000e+02
	1.8770000e+01
	1.0400000e+00
	3.4330000e+02
	3.2557000e+02
	3.0783000e+02
	2.9009000e+02
	2.7319000e+02
	2.5628000e+02
	2.3938000e+02
	2.2247000e+02
	2.0557000e+02
	1.8866000e+02
	9.0700000e+00
	2.6790000e+01
	4.4520000e+01
	6.2250000e+01
	7.9970000e+01
	9.7700000e+01
	1.1461000e+02
	1.3153000e+02
	1.4844000e+02
	1.6536000e+02
	1.8227000e+02
	1.9919000e+02
	1.8780000e+01
	1.0500000e+00
	3.4333000e+02
	3.2560000e+02
	3.0787000e+02
	2.9015000e+02
	2.7323000e+02
	2.5632000e+02
	2.3940000e+02
	2.2249000e+02
	2.0557000e+02
	1.8866000e+02
	9.0600000e+00
	2.6770000e+01
	4.4490000e+01
	6.2210000e+01
	7.9920000e+01
	9.7640000e+01
	1.1457000e+02
	1.3149000e+02
	1.4841000e+02
	1.6534000e+02
	1.8226000e+02
	1.9919000e+02
	1.8790000e+01
	1.0700000e+00
	3.4336000e+02
	3.2564000e+02
	3.0792000e+02
	2.9021000e+02
	2.7328000e+02
	2.5636000e+02
	2.3943000e+02
	2.2251000e+02
	2.0558000e+02
	1.8866000e+02
	9.0500000e+00
	2.6750000e+01
	4.4460000e+01
	6.2170000e+01
	7.9870000e+01
	9.7580000e+01
	1.1451000e+02
	1.3145000e+02
	1.4838000e+02
	1.6532000e+02
	1.8225000e+02
	1.9919000e+02
	1.8800000e+01
	1.0900000e+00
	3.4339000e+02
	3.2568000e+02
	3.0797000e+02
	2.9027000e+02
	2.7333000e+02
	2.5640000e+02
	2.3946000e+02
	2.2253000e+02
	2.0559000e+02
	1.8866000e+02
	9.0400000e+00
	2.6730000e+01
	4.4430000e+01
	6.2120000e+01
	7.9820000e+01
	9.7510000e+01
	1.1446000e+02
	1.3140000e+02
	1.4835000e+02
	1.6529000e+02
	1.8224000e+02
	1.9919000e+02
	1.8810000e+01
	1.1200000e+00
	3.4342000e+02
	3.2573000e+02
	3.0803000e+02
	2.9033000e+02
	2.7339000e+02
	2.5644000e+02
	2.3950000e+02
	2.2255000e+02
	2.0561000e+02
	1.8866000e+02
	9.0200000e+00
	2.6710000e+01
	4.4390000e+01
	6.2070000e+01
	7.9760000e+01
	9.7440000e+01
	1.1440000e+02
	1.3136000e+02
	1.4831000e+02
	1.6527000e+02
	1.8223000e+02
	1.9919000e+02
	1.8820000e+01
	1.1400000e+00
	3.4346000e+02
	3.2577000e+02
	3.0809000e+02
	2.9041000e+02
	2.7345000e+02
	2.5649000e+02
	2.3953000e+02
	2.2258000e+02
	2.0562000e+02
	1.8866000e+02
	9.0100000e+00
	2.6680000e+01
	4.4350000e+01
	6.2020000e+01
	7.9700000e+01
	9.7370000e+01
	1.1434000e+02
	1.3131000e+02
	1.4828000e+02
	1.6525000e+02
	1.8222000e+02
	1.9919000e+02
	1.8840000e+01
	1.1600000e+00
	3.4349000e+02
	3.2582000e+02
	3.0815000e+02
	2.9048000e+02
	2.7351000e+02
	2.5654000e+02
	2.3957000e+02
	2.2260000e+02
	2.0563000e+02
	1.8866000e+02
	9.0000000e+00
	2.6660000e+01
	4.4310000e+01
	6.1970000e+01
	7.9630000e+01
	9.7290000e+01
	1.1427000e+02
	1.3125000e+02
	1.4824000e+02
	1.6522000e+02
	1.8220000e+02
	1.9919000e+02
	1.8850000e+01
	1.1900000e+00
	3.4353000e+02
	3.2587000e+02
	3.0821000e+02
	2.9056000e+02
	2.7357000e+02
	2.5659000e+02
	2.3961000e+02
	2.2263000e+02
	2.0564000e+02
	1.8866000e+02
	8.9800000e+00
	2.6630000e+01
	4.4270000e+01
	6.1920000e+01
	7.9560000e+01
	9.7210000e+01
	1.1421000e+02
	1.3120000e+02
	1.4820000e+02
	1.6519000e+02
	1.8219000e+02
	1.9919000e+02
	1.8860000e+01
	1.2200000e+00
	3.4357000e+02
	3.2593000e+02
	3.0828000e+02
	2.9064000e+02
	2.7364000e+02
	2.5664000e+02
	2.3965000e+02
	2.2265000e+02
	2.0566000e+02
	1.8866000e+02
	8.9700000e+00
	2.6600000e+01
	4.4230000e+01
	6.1870000e+01
	7.9500000e+01
	9.7130000e+01
	1.1414000e+02
	1.3115000e+02
	1.4816000e+02
	1.6517000e+02
	1.8218000e+02
	1.9919000e+02
	1.8870000e+01
	1.2400000e+00
	3.4361000e+02
	3.2598000e+02
	3.0835000e+02
	2.9072000e+02
	2.7371000e+02
	2.5670000e+02
	2.3969000e+02
	2.2268000e+02
	2.0567000e+02
	1.8866000e+02
	8.9600000e+00
	2.6580000e+01
	4.4190000e+01
	6.1810000e+01
	7.9430000e+01
	9.7050000e+01
	1.1407000e+02
	1.3109000e+02
	1.4812000e+02
	1.6514000e+02
	1.8216000e+02
	1.9919000e+02
	1.8890000e+01
	1.2700000e+00
	3.4365000e+02
	3.2604000e+02
	3.0842000e+02
	2.9080000e+02
	2.7378000e+02
	2.5675000e+02
	2.3973000e+02
	2.2271000e+02
	2.0568000e+02
	1.8866000e+02
	8.9400000e+00
	2.6550000e+01
	4.4150000e+01
	6.1750000e+01
	7.9360000e+01
	9.6960000e+01
	1.1400000e+02
	1.3104000e+02
	1.4807000e+02
	1.6511000e+02
	1.8215000e+02
	1.9919000e+02
	1.8900000e+01
	1.3000000e+00
	3.4369000e+02
	3.2609000e+02
	3.0849000e+02
	2.9088000e+02
	2.7385000e+02
	2.5681000e+02
	2.3977000e+02
	2.2273000e+02
	2.0570000e+02
	1.8866000e+02
	8.9300000e+00
	2.6520000e+01
	4.4110000e+01
	6.1700000e+01
	7.9290000e+01
	9.6880000e+01
	1.1393000e+02
	1.3098000e+02
	1.4803000e+02
	1.6508000e+02
	1.8213000e+02
	1.9919000e+02
	1.8920000e+01
	1.3300000e+00
	3.4374000e+02
	3.2615000e+02
	3.0856000e+02
	2.9097000e+02
	2.7392000e+02
	2.5687000e+02
	2.3981000e+02
	2.2276000e+02
	2.0571000e+02
	1.8866000e+02
	8.9200000e+00
	2.6490000e+01
	4.4070000e+01
	6.1640000e+01
	7.9220000e+01
	9.6790000e+01
	1.1386000e+02
	1.3093000e+02
	1.4799000e+02
	1.6506000e+02
	1.8212000e+02
	1.9919000e+02
	1.8930000e+01
	1.3500000e+00
	3.4378000e+02
	3.2620000e+02
	3.0863000e+02
	2.9105000e+02
	2.7399000e+02
	2.5692000e+02
	2.3986000e+02
	2.2279000e+02
	2.0573000e+02
	1.8866000e+02
	8.9000000e+00
	2.6460000e+01
	4.4030000e+01
	6.1590000e+01
	7.9150000e+01
	9.6710000e+01
	1.1379000e+02
	1.3087000e+02
	1.4795000e+02
	1.6503000e+02
	1.8211000e+02
	1.9919000e+02
	1.8940000e+01
	1.3800000e+00
	3.4382000e+02
	3.2626000e+02
	3.0870000e+02
	2.9113000e+02
	2.7406000e+02
	2.5698000e+02
	2.3990000e+02
	2.2282000e+02
	2.0574000e+02
	1.8866000e+02
	8.8900000e+00
	2.6440000e+01
	4.3980000e+01
	6.1530000e+01
	7.9080000e+01
	9.6630000e+01
	1.1372000e+02
	1.3081000e+02
	1.4791000e+02
	1.6500000e+02
	1.8209000e+02
	1.9919000e+02
	1.8960000e+01
	1.4100000e+00
	3.4386000e+02
	3.2631000e+02
	3.0877000e+02
	2.9122000e+02
	2.7412000e+02
	2.5703000e+02
	2.3994000e+02
	2.2285000e+02
	2.0575000e+02
	1.8866000e+02
	8.8700000e+00
	2.6410000e+01
	4.3940000e+01
	6.1480000e+01
	7.9010000e+01
	9.6550000e+01
	1.1365000e+02
	1.3076000e+02
	1.4787000e+02
	1.6497000e+02
	1.8208000e+02
	1.9919000e+02
	1.8970000e+01
	1.4400000e+00
	3.4390000e+02
	3.2637000e+02
	3.0883000e+02
	2.9130000e+02
	2.7419000e+02
	2.5709000e+02
	2.3998000e+02
	2.2287000e+02
	2.0577000e+02
	1.8866000e+02
	8.8600000e+00
	2.6380000e+01
	4.3900000e+01
	6.1430000e+01
	7.8950000e+01
	9.6470000e+01
	1.1359000e+02
	1.3071000e+02
	1.4783000e+02
	1.6495000e+02
	1.8207000e+02
	1.9919000e+02
	1.8990000e+01
	1.4600000e+00
	3.4394000e+02
	3.2642000e+02
	3.0890000e+02
	2.9138000e+02
	2.7426000e+02
	2.5714000e+02
	2.4002000e+02
	2.2290000e+02
	2.0578000e+02
	1.8866000e+02
	8.8500000e+00
	2.6360000e+01
	4.3860000e+01
	6.1370000e+01
	7.8880000e+01
	9.6390000e+01
	1.1352000e+02
	1.3066000e+02
	1.4779000e+02
	1.6492000e+02
	1.8205000e+02
	1.9919000e+02
	1.9000000e+01
	1.4900000e+00
	3.4398000e+02
	3.2647000e+02
	3.0896000e+02
	2.9146000e+02
	2.7432000e+02
	2.5719000e+02
	2.4006000e+02
	2.2293000e+02
	2.0579000e+02
	1.8866000e+02
	8.8400000e+00
	2.6330000e+01
	4.3830000e+01
	6.1320000e+01
	7.8820000e+01
	9.6310000e+01
	1.1346000e+02
	1.3061000e+02
	1.4775000e+02
	1.6490000e+02
	1.8204000e+02
	1.9919000e+02
	1.9010000e+01
	1.5100000e+00
	3.4402000e+02
	3.2652000e+02
	3.0903000e+02
	2.9153000e+02
	2.7439000e+02
	2.5724000e+02
	2.4010000e+02
	2.2295000e+02
	2.0581000e+02
	1.8866000e+02
	8.8200000e+00
	2.6310000e+01
	4.3790000e+01
	6.1270000e+01
	7.8760000e+01
	9.6240000e+01
	1.1340000e+02
	1.3056000e+02
	1.4771000e+02
	1.6487000e+02
	1.8203000e+02
	1.9919000e+02
	1.9020000e+01
	1.5400000e+00
	3.4406000e+02
	3.2657000e+02
	3.0909000e+02
	2.9160000e+02
	2.7445000e+02
	2.5729000e+02
	2.4013000e+02
	2.2298000e+02
	2.0582000e+02
	1.8866000e+02
	8.8100000e+00
	2.6280000e+01
	4.3760000e+01
	6.1230000e+01
	7.8700000e+01
	9.6170000e+01
	1.1334000e+02
	1.3051000e+02
	1.4768000e+02
	1.6485000e+02
	1.8202000e+02
	1.9919000e+02
	1.9030000e+01
	1.5600000e+00
	3.4409000e+02
	3.2662000e+02
	3.0915000e+02
	2.9167000e+02
	2.7451000e+02
	2.5734000e+02
	2.4017000e+02
	2.2300000e+02
	2.0583000e+02
	1.8866000e+02
	8.8000000e+00
	2.6260000e+01
	4.3720000e+01
	6.1180000e+01
	7.8640000e+01
	9.6100000e+01
	1.1328000e+02
	1.3046000e+02
	1.4764000e+02
	1.6483000e+02
	1.8201000e+02
	1.9919000e+02
	1.9050000e+01
	1.5900000e+00
	3.4412000e+02
	3.2666000e+02
	3.0920000e+02
	2.9174000e+02
	2.7456000e+02
	2.5738000e+02
	2.4020000e+02
	2.2302000e+02
	2.0584000e+02
	1.8866000e+02
	8.7900000e+00
	2.6240000e+01
	4.3690000e+01
	6.1140000e+01
	7.8590000e+01
	9.6040000e+01
	1.1323000e+02
	1.3042000e+02
	1.4761000e+02
	1.6480000e+02
	1.8199000e+02
	1.9919000e+02
	1.9060000e+01
	1.6100000e+00
	3.4416000e+02
	3.2671000e+02
	3.0926000e+02
	2.9181000e+02
	2.7462000e+02
	2.5742000e+02
	2.4023000e+02
	2.2304000e+02
	2.0585000e+02
	1.8866000e+02
	8.7800000e+00
	2.6220000e+01
	4.3660000e+01
	6.1100000e+01
	7.8540000e+01
	9.5980000e+01
	1.1318000e+02
	1.3038000e+02
	1.4758000e+02
	1.6478000e+02
	1.8198000e+02
	1.9919000e+02
	1.9070000e+01
	1.6300000e+00
	3.4419000e+02
	3.2675000e+02
	3.0931000e+02
	2.9187000e+02
	2.7467000e+02
	2.5747000e+02
	2.4026000e+02
	2.2306000e+02
	2.0586000e+02
	1.8866000e+02
	8.7700000e+00
	2.6200000e+01
	4.3630000e+01
	6.1060000e+01
	7.8490000e+01
	9.5920000e+01
	1.1313000e+02
	1.3034000e+02
	1.4755000e+02
	1.6476000e+02
	1.8197000e+02
	1.9919000e+02
	1.9080000e+01
	1.6500000e+00
	3.4422000e+02
	3.2679000e+02
	3.0936000e+02
	2.9193000e+02
	2.7472000e+02
	2.5750000e+02
	2.4029000e+02
	2.2308000e+02
	2.0587000e+02
	1.8866000e+02
	8.7600000e+00
	2.6180000e+01
	4.3600000e+01
	6.1020000e+01
	7.8440000e+01
	9.5860000e+01
	1.1308000e+02
	1.3030000e+02
	1.4752000e+02
	1.6475000e+02
	1.8197000e+02
	1.9919000e+02
	1.9090000e+01
	1.6700000e+00
	3.4424000e+02
	3.2682000e+02
	3.0940000e+02
	2.9198000e+02
	2.7476000e+02
	2.5754000e+02
	2.4032000e+02
	2.2310000e+02
	2.0588000e+02
	1.8866000e+02
	8.7500000e+00
	2.6160000e+01
	4.3580000e+01
	6.0990000e+01
	7.8400000e+01
	9.5810000e+01
	1.1304000e+02
	1.3027000e+02
	1.4750000e+02
	1.6473000e+02
	1.8196000e+02
	1.9919000e+02
	1.9090000e+01
	1.6800000e+00
	3.4427000e+02
	3.2686000e+02
	3.0945000e+02
	2.9203000e+02
	2.7481000e+02
	2.5758000e+02
	2.4035000e+02
	2.2312000e+02
	2.0589000e+02
	1.8866000e+02
	8.7400000e+00
	2.6150000e+01
	4.3550000e+01
	6.0960000e+01
	7.8360000e+01
	9.5760000e+01
	1.1300000e+02
	1.3024000e+02
	1.4747000e+02
	1.6471000e+02
	1.8195000e+02
	1.9919000e+02
	1.9100000e+01
	1.7000000e+00
	3.4429000e+02
	3.2689000e+02
	3.0949000e+02
	2.9208000e+02
	2.7485000e+02
	2.5761000e+02
	2.4037000e+02
	2.2313000e+02
	2.0590000e+02
	1.8866000e+02
	8.7400000e+00
	2.6130000e+01
	4.3530000e+01
	6.0920000e+01
	7.8320000e+01
	9.5720000e+01
	1.1296000e+02
	1.3021000e+02
	1.4745000e+02
	1.6470000e+02
	1.8194000e+02
	1.9919000e+02
	1.9110000e+01
	1.7100000e+00
	3.4432000e+02
	3.2692000e+02
	3.0953000e+02
	2.9213000e+02
	2.7488000e+02
	2.5764000e+02
	2.4039000e+02
	2.2315000e+02
	2.0591000e+02
	1.8866000e+02
	8.7300000e+00
	2.6120000e+01
	4.3510000e+01
	6.0900000e+01
	7.8290000e+01
	9.5670000e+01
	1.1293000e+02
	1.3018000e+02
	1.4743000e+02
	1.6468000e+02
	1.8193000e+02
	1.9919000e+02
	1.9120000e+01
	1.7300000e+00
	3.4434000e+02
	3.2695000e+02
	3.0956000e+02
	2.9217000e+02
	2.7492000e+02
	2.5767000e+02
	2.4042000e+02
	2.2316000e+02
	2.0591000e+02
	1.8866000e+02
	8.7200000e+00
	2.6100000e+01
	4.3490000e+01
	6.0870000e+01
	7.8250000e+01
	9.5630000e+01
	1.1289000e+02
	1.3015000e+02
	1.4741000e+02
	1.6467000e+02
	1.8193000e+02
	1.9919000e+02
	1.9120000e+01
	1.7400000e+00
	3.4436000e+02
	3.2698000e+02
	3.0959000e+02
	2.9221000e+02
	2.7495000e+02
	2.5769000e+02
	2.4044000e+02
	2.2318000e+02
	2.0592000e+02
	1.8866000e+02
	8.7200000e+00
	2.6090000e+01
	4.3470000e+01
	6.0850000e+01
	7.8220000e+01
	9.5600000e+01
	1.1286000e+02
	1.3013000e+02
	1.4739000e+02
	1.6466000e+02
	1.8192000e+02
	1.9919000e+02
	1.9130000e+01
	1.7500000e+00
	3.4438000e+02
	3.2700000e+02
	3.0962000e+02
	2.9225000e+02
	2.7498000e+02
	2.5772000e+02
	2.4045000e+02
	2.2319000e+02
	2.0592000e+02
	1.8866000e+02
	8.7100000e+00
	2.6080000e+01
	4.3450000e+01
	6.0820000e+01
	7.8190000e+01
	9.5560000e+01
	1.1283000e+02
	1.3010000e+02
	1.4737000e+02
	1.6465000e+02
	1.8192000e+02
	1.9919000e+02
	1.9140000e+01
	1.7600000e+00
	3.4439000e+02
	3.2702000e+02
	3.0965000e+02
	2.9228000e+02
	2.7501000e+02
	2.5774000e+02
	2.4047000e+02
	2.2320000e+02
	2.0593000e+02
	1.8866000e+02
	8.7100000e+00
	2.6070000e+01
	4.3440000e+01
	6.0800000e+01
	7.8170000e+01
	9.5530000e+01
	1.1281000e+02
	1.3008000e+02
	1.4736000e+02
	1.6463000e+02
	1.8191000e+02
	1.9919000e+02
	1.9140000e+01
	1.7800000e+00
	3.4441000e+02
	3.2704000e+02
	3.0968000e+02
	2.9231000e+02
	2.7504000e+02
	2.5776000e+02
	2.4049000e+02
	2.2321000e+02
	2.0594000e+02
	1.8866000e+02
	8.7000000e+00
	2.6060000e+01
	4.3420000e+01
	6.0780000e+01
	7.8140000e+01
	9.5500000e+01
	1.1278000e+02
	1.3006000e+02
	1.4735000e+02
	1.6463000e+02
	1.8191000e+02
	1.9919000e+02
	1.9150000e+01
	1.7800000e+00
	3.4442000e+02
	3.2706000e+02
	3.0970000e+02
	2.9234000e+02
	2.7506000e+02
	2.5778000e+02
	2.4050000e+02
	2.2322000e+02
	2.0594000e+02
	1.8866000e+02
	8.7000000e+00
	2.6050000e+01
	4.3410000e+01
	6.0770000e+01
	7.8120000e+01
	9.5480000e+01
	1.1276000e+02
	1.3005000e+02
	1.4733000e+02
	1.6462000e+02
	1.8190000e+02
	1.9919000e+02
	1.9150000e+01
	1.7900000e+00
	3.4444000e+02
	3.2708000e+02
	3.0972000e+02
	2.9237000e+02
	2.7508000e+02
	2.5780000e+02
	2.4051000e+02
	2.2323000e+02
	2.0594000e+02
	1.8866000e+02
	8.6900000e+00
	2.6040000e+01
	4.3400000e+01
	6.0750000e+01
	7.8100000e+01
	9.5450000e+01
	1.1274000e+02
	1.3003000e+02
	1.4732000e+02
	1.6461000e+02
	1.8190000e+02
	1.9919000e+02
	1.9150000e+01
	1.8000000e+00
	3.4445000e+02
	3.2710000e+02
	3.0974000e+02
	2.9239000e+02
	2.7510000e+02
	2.5781000e+02
	2.4053000e+02
	2.2324000e+02
	2.0595000e+02
	1.8866000e+02
	8.6900000e+00
	2.6040000e+01
	4.3390000e+01
	6.0730000e+01
	7.8080000e+01
	9.5430000e+01
	1.1272000e+02
	1.3002000e+02
	1.4731000e+02
	1.6460000e+02
	1.8189000e+02
	1.9919000e+02
	1.9160000e+01
	1.8100000e+00
	3.4446000e+02
	3.2711000e+02
	3.0976000e+02
	2.9241000e+02
	2.7512000e+02
	2.5783000e+02
	2.4054000e+02
	2.2324000e+02
	2.0595000e+02
	1.8866000e+02
	8.6900000e+00
	2.6030000e+01
	4.3380000e+01
	6.0720000e+01
	7.8070000e+01
	9.5410000e+01
	1.1271000e+02
	1.3000000e+02
	1.4730000e+02
	1.6459000e+02
	1.8189000e+02
	1.9919000e+02
	1.9160000e+01
	1.8200000e+00
	3.4447000e+02
	3.2712000e+02
	3.0978000e+02
	2.9243000e+02
	2.7514000e+02
	2.5784000e+02
	2.4055000e+02
	2.2325000e+02
	2.0596000e+02
	1.8866000e+02
	8.6800000e+00
	2.6020000e+01
	4.3370000e+01
	6.0710000e+01
	7.8050000e+01
	9.5400000e+01
	1.1269000e+02
	1.2999000e+02
	1.4729000e+02
	1.6459000e+02
	1.8189000e+02
	1.9919000e+02
	1.9160000e+01
	1.8200000e+00
	3.4448000e+02
	3.2714000e+02
	3.0979000e+02
	2.9245000e+02
	2.7515000e+02
	2.5785000e+02
	2.4056000e+02
	2.2326000e+02
	2.0596000e+02
	1.8866000e+02
	8.6800000e+00
	2.6020000e+01
	4.3360000e+01
	6.0700000e+01
	7.8040000e+01
	9.5380000e+01
	1.1268000e+02
	1.2998000e+02
	1.4728000e+02
	1.6458000e+02
	1.8188000e+02
	1.9919000e+02
	1.9170000e+01
	1.8300000e+00
	3.4449000e+02
	3.2715000e+02
	3.0981000e+02
	2.9247000e+02
	2.7517000e+02
	2.5786000e+02
	2.4056000e+02
	2.2326000e+02
	2.0596000e+02
	1.8866000e+02
	8.6800000e+00
	2.6010000e+01
	4.3350000e+01
	6.0690000e+01
	7.8030000e+01
	9.5370000e+01
	1.1267000e+02
	1.2997000e+02
	1.4728000e+02
	1.6458000e+02
	1.8188000e+02
	1.9919000e+02
	1.9170000e+01
	1.8300000e+00
	3.4449000e+02
	3.2716000e+02
	3.0982000e+02
	2.9248000e+02
	2.7518000e+02
	2.5787000e+02
	2.4057000e+02
	2.2327000e+02
	2.0596000e+02
	1.8866000e+02
	8.6800000e+00
	2.6010000e+01
	4.3350000e+01
	6.0680000e+01
	7.8020000e+01
	9.5350000e+01
	1.1266000e+02
	1.2996000e+02
	1.4727000e+02
	1.6457000e+02
	1.8188000e+02
	1.9919000e+02
	1.9170000e+01
	1.8400000e+00
	3.4450000e+02
	3.2716000e+02
	3.0983000e+02
	2.9249000e+02
	2.7519000e+02
	2.5788000e+02
	2.4058000e+02
	2.2327000e+02
	2.0597000e+02
	1.8866000e+02
	8.6700000e+00
	2.6010000e+01
	4.3340000e+01
	6.0670000e+01
	7.8010000e+01
	9.5340000e+01
	1.1265000e+02
	1.2996000e+02
	1.4726000e+02
	1.6457000e+02
	1.8188000e+02
	1.9919000e+02
	1.9170000e+01
	1.8400000e+00
	3.4451000e+02
	3.2717000e+02
	3.0984000e+02
	2.9251000e+02
	2.7520000e+02
	2.5789000e+02
	2.4058000e+02
	2.2328000e+02
	2.0597000e+02
	1.8866000e+02
	8.6700000e+00
	2.6000000e+01
	4.3340000e+01
	6.0670000e+01
	7.8000000e+01
	9.5330000e+01
	1.1264000e+02
	1.2995000e+02
	1.4726000e+02
	1.6457000e+02
	1.8188000e+02
	1.9919000e+02
	1.9170000e+01
	1.8400000e+00
	3.4451000e+02
	3.2718000e+02
	3.0985000e+02
	2.9252000e+02
	2.7521000e+02
	2.5790000e+02
	2.4059000e+02
	2.2328000e+02
	2.0597000e+02
	1.8866000e+02
	8.6700000e+00
	2.6000000e+01
	4.3330000e+01
	6.0660000e+01
	7.7990000e+01
	9.5320000e+01
	1.1263000e+02
	1.2994000e+02
	1.4725000e+02
	1.6456000e+02
	1.8188000e+02
	1.9919000e+02
	1.9180000e+01
	1.8500000e+00
	3.4452000e+02
	3.2718000e+02
	3.0985000e+02
	2.9252000e+02
	2.7521000e+02
	2.5790000e+02
	2.4059000e+02
	2.2328000e+02
	2.0597000e+02
	1.8866000e+02
	8.6700000e+00
	2.6000000e+01
	4.3330000e+01
	6.0660000e+01
	7.7980000e+01
	9.5310000e+01
	1.1263000e+02
	1.2994000e+02
	1.4725000e+02
	1.6456000e+02
	1.8187000e+02
	1.9919000e+02
	1.9180000e+01
	1.8500000e+00
	3.4452000e+02
	3.2719000e+02
	3.0986000e+02
	2.9253000e+02
	2.7522000e+02
	2.5791000e+02
	2.4060000e+02
	2.2328000e+02
	2.0597000e+02
	1.8866000e+02
	8.6700000e+00
	2.6000000e+01
	4.3320000e+01
	6.0650000e+01
	7.7980000e+01
	9.5310000e+01
	1.1262000e+02
	1.2993000e+02
	1.4725000e+02
	1.6456000e+02
	1.8187000e+02
	1.9919000e+02
	1.9180000e+01
	1.8500000e+00
	3.4452000e+02
	3.2719000e+02
	3.0987000e+02
	2.9254000e+02
	2.7523000e+02
	2.5791000e+02
	2.4060000e+02
	2.2329000e+02
	2.0597000e+02
	1.8866000e+02
	8.6700000e+00
	2.5990000e+01
	4.3320000e+01
	6.0650000e+01
	7.7970000e+01
	9.5300000e+01
	1.1262000e+02
	1.2993000e+02
	1.4724000e+02
	1.6456000e+02
	1.8187000e+02
	1.9919000e+02
	1.9180000e+01
	1.8500000e+00
	3.4453000e+02
	3.2720000e+02
	3.0987000e+02
	2.9255000e+02
	2.7523000e+02
	2.5792000e+02
	2.4060000e+02
	2.2329000e+02
	2.0597000e+02
	1.8866000e+02
	8.6700000e+00
	2.5990000e+01
	4.3320000e+01
	6.0640000e+01
	7.7970000e+01
	9.5300000e+01
	1.1261000e+02
	1.2993000e+02
	1.4724000e+02
	1.6456000e+02
	1.8187000e+02
	1.9919000e+02
	1.9180000e+01
	1.8500000e+00
	3.4453000e+02
	3.2720000e+02
	3.0988000e+02
	2.9255000e+02
	2.7524000e+02
	2.5792000e+02
	2.4061000e+02
	2.2329000e+02
	2.0598000e+02
	1.8866000e+02
}
