0 -40000 0.2567 0.00286219 0.5 0 0.256716
1.25e-05 -39843.8 0.256694 0.00472051 0.347969 -0.00184415 0.256737
2.5e-05 -39687.5 0.256687 0.00657836 0.000452965 -0.00912379 0.256771
3.75e-05 -39531.2 0.25668 0.00843687 -0.304374 -0.00941237 0.256819
5e-05 -39375 0.256673 0.0102964 -0.38397 0.0135656 0.256879
6.25e-05 -39218.8 0.256667 0.0121577 -0.235677 0.048869 0.256955
7.5e-05 -39062.5 0.256661 0.0140191 -0.00678987 0.0558955 0.257043
8.75e-05 -38906.2 0.256655 0.0158823 0.14193 0.00616008 0.257146
0.0001 -38750 0.256649 0.0177467 0.151528 -0.0735543 0.257261
0.0001125 -38593.8 0.256643 0.0196139 0.074637 -0.112697 0.257392
0.000125 -38437.5 0.256638 0.0214823 0.00112222 -0.063015 0.257535
0.0001375 -38281.2 0.256633 0.0233535 -0.0181057 0.0461336 0.257693
0.00015 -38125 0.256627 0.0252267 0.00795453 0.125774 0.257864
0.0001625 -37968.8 0.256622 0.0271035 0.0385131 0.107343 0.25805
0.000175 -37812.5 0.256618 0.0289836 0.0389201 0.00705482 0.258249
0.0001875 -37656.2 0.256613 0.0308661 0.00170053 -0.0893035 0.258463
0.0002 -37500 0.256609 0.0327526 -0.051849 -0.105252 0.25869
0.0002125 -37343.8 0.256605 0.0346431 -0.0846462 -0.038856 0.258933
0.000225 -37187.5 0.256601 0.0365371 -0.0682024 0.0443748 0.259189
0.0002375 -37031.2 0.256598 0.0384352 -0.00747228 0.0760506 0.25946
0.00025 -36875 0.256594 0.0403381 0.0555734 0.0416057 0.259745
0.0002625 -36718.8 0.256591 0.0422454 0.0717721 -0.0183049 0.260045
0.000275 -36562.5 0.256587 0.0441576 0.0282077 -0.0515566 0.260359
0.0002875 -36406.2 0.256585 0.0460757 -0.0357795 -0.0373748 0.260689
0.0003 -36250 0.256581 0.0479988 -0.0609813 0.00500052 0.261032
0.0003125 -36093.8 0.256579 0.0499272 -0.0225564 0.038709 0.261392
0.000325 -35937.5 0.256577 0.0518617 0.0457868 0.0383743 0.261766
0.0003375 -35781.2 0.256574 0.0538028 0.0823937 0.00599954 0.262155
0.00035 -35625 0.256572 0.0557503 0.0540293 -0.0322444 0.262559
0.0003625 -35468.8 0.256571 0.0577045 -0.0157093 -0.0446931 0.26298
0.000375 -35312.5 0.256569 0.0596664 -0.0705295 -0.0182685 0.263415
0.0003875 -35156.2 0.256568 0.0616352 -0.0717598 0.0282335 0.263867
0.0004 -35000 0.256566 0.0636115 -0.0274759 0.0556456 0.264334
0.0004125 -34843.8 0.256565 0.0655957 0.0213987 0.0366754 0.264818
0.000425 -34687.5 0.256565 0.0675882 0.0388778 -0.0172392 0.265318
0.0004375 -34531.2 0.256564 0.0695889 0.020361 -0.0617708 0.265834
0.00045 -34375 0.256564 0.0715985 -0.0101782 -0.0574583 0.266367
0.0004625 -34218.8 0.256564 0.0736166 -0.023337 -0.0060921 0.266917
0.000475 -34062.5 0.256564 0.0756447 -0.00704935 0.0495134 0.267483
0.0004875 -33906.2 0.256563 0.0776827 0.025725 0.0635249 0.268066
0.0005 -33750 0.256564 0.0797306 0.0471367 0.0273311 0.268667
0.0005125 -33593.8 0.256565 0.0817884 0.035521 -0.0252094 0.269286
0.000525 -33437.5 0.256565 0.0838575 -0.00610925 -0.0502091 0.269922
0.0005375 -33281.2 0.256567 0.0859374 -0.0488886 -0.0316635 0.270577
0.00055 -33125 0.256568 0.0880281 -0.0589903 0.00889807 0.271249
0.0005625 -32968.8 0.256569 0.090131 -0.0264813 0.0353223 0.27194
0.000575 -32812.5 0.256571 0.0922464 0.0232729 0.0280311 0.27265
0.0005875 -32656.2 0.256572 0.0943742 0.0492441 -0.00303818 0.273379
0.0006 -32500 0.256574 0.0965146 0.0305042 -0.0302366 0.274127
0.0006125 -32343.8 0.256577 0.0986684 -0.0145267 -0.0312826 0.274895
0.000625 -32187.5 0.256579 0.100835 -0.0444669 -0.00550594 0.275682
0.0006375 -32031.2 0.256582 0.103017 -0.0324033 0.0265636 0.27649
0.00065 -31875 0.256585 0.105212 0.0105744 0.0387179 0.277318
0.0006625 -31718.8 0.256588 0.107423 0.0468984 0.0193675 0.278167
0.000675 -31562.5 0.256591 0.109649 0.0466643 -0.0177379 0.279038
0.0006875 -31406.2 0.256595 0.111891 0.0122495 -0.0423747 0.27993
0.0007 -31250 0.256599 0.114149 -0.0269336 -0.0322042 0.280843
0.0007125 -31093.8 0.256603 0.116424 -0.0412765 0.00655342 0.28178
0.000725 -30937.5 0.256607 0.118716 -0.0241977 0.0418937 0.282738
0.0007375 -30781.2 0.256612 0.121025 0.00603313 0.0428047 0.28372
0.00075 -30625 0.256617 0.123354 0.0235398 0.00726112 0.284725
0.0007625 -30468.8 0.256622 0.125699 0.0153226 -0.0349026 0.285753
0.000775 -30312.5 0.256627 0.128066 -0.00985632 -0.0481015 0.286807
0.0007875 -30156.2 0.256632 0.130451 -0.0290159 -0.0223345 0.287885
0.0008 -30000 0.256638 0.132857 -0.0230671 0.019072 0.288988
0.0008125 -29843.8 0.256645 0.135284 0.00712676 0.0414212 0.290118
0.000825 -29687.5 0.256651 0.137733 0.0392895 0.0288617 0.291273
0.0008375 -29531.2 0.256658 0.140204 0.0462423 -0.00428578 0.292456
0.000849999 -29375 0.256665 0.142697 0.0190195 -0.0287178 0.293666
0.000862499 -29218.8 0.256672 0.145213 -0.0231787 -0.0257316 0.294903
0.000874999 -29062.5 0.25668 0.147754 -0.0472549 -0.000890795 0.296169
0.000887499 -28906.2 0.256688 0.150321 -0.03431 0.0231616 0.297465
0.000899999 -28750 0.256696 0.152912 0.00336907 0.026067 0.298789
0.000912499 -28593.8 0.256705 0.15553 0.0328656 0.00539229 0.300145
0.000924999 -28437.5 0.256714 0.158175 0.0297879 -0.0221146 0.301532
0.000937499 -28281.2 0.256723 0.160847 -0.000692379 -0.0335686 0.30295
0.000949999 -28125 0.256733 0.163549 -0.0298677 -0.0179428 0.304401
0.000962499 -27968.8 0.256743 0.16628 -0.0319087 0.0140756 0.305886
0.000974999 -27812.5 0.256753 0.169042 -0.00586521 0.0370283 0.307404
0.000987499 -27656.2 0.256764 0.171834 0.0255263 0.0309571 0.308957
0.000999999 -27500 0.256775 0.17466 0.036758 -0.000747437 0.310547
0.0010125 -27343.8 0.256786 0.177518 0.0204266 -0.0323317 0.312173
0.001025 -27187.5 0.256798 0.180411 -0.00873352 -0.0368921 0.313836
0.0010375 -27031.2 0.25681 0.183338 -0.0274219 -0.0101793 0.315538
0.00105 -26875 0.256823 0.186303 -0.0223196 0.0249161 0.31728
0.0010625 -26718.8 0.256836 0.189305 0.000460914 0.0382852 0.319063
0.001075 -26562.5 0.25685 0.192345 0.0208855 0.0191314 0.320887
0.0010875 -26406.2 0.256864 0.195425 0.0208668 -0.0151333 0.322754
0.0011 -26250 0.256879 0.198546 -0.000966848 -0.0351978 0.324665
0.0011125 -26093.8 0.256894 0.201711 -0.0269887 -0.0256019 0.326621
0.001125 -25937.5 0.256909 0.204918 -0.0339821 0.00331909 0.328624
0.0011375 -25781.2 0.256925 0.208171 -0.0128857 0.0263351 0.330675
0.00115 -25625 0.256942 0.21147 0.0217115 0.025449 0.332775
0.0011625 -25468.8 0.256959 0.214818 0.0422513 0.0037156 0.334925
0.001175 -25312.5 0.256978 0.218215 0.0315092 -0.0192238 0.337128
0.0011875 -25156.2 0.256995 0.221664 -0.00185454 -0.0240695 0.339384
0.0012 -25000 0.257014 0.225167 -0.0303132 -0.0070355 0.341697
0.0012125 -24843.8 0.257034 0.228724 -0.0314273 0.0176858 0.344066
0.001225 -24687.5 0.257055 0.232338 -0.00705032 0.0291876 0.346494
0.0012375 -24531.2 0.257075 0.236011 0.0195123 0.0164492 0.348983
0.00125 -24375 0.257097 0.239746 0.0249886 -0.0120199 0.351535
0.0012625 -24218.8 0.257119 0.243543 0.00613297 -0.0336752 0.354152
0.001275 -24062.5 0.257142 0.247405 -0.0191089 -0.0297775 0.356835
0.0012875 -23906.2 0.257166 0.251337 -0.0284816 -0.00183617 0.359589
0.0013 -23750 0.257191 0.255337 -0.0142414 0.0280646 0.362414
0.0013125 -23593.8 0.257216 0.25941 0.0116795 0.0351735 0.365314
0.001325 -23437.5 0.257242 0.263559 0.0285696 0.0136051 0.368289
0.0013375 -23281.2 0.257269 0.267787 0.0236133 -0.0179857 0.371345
0.00135 -23125 0.257297 0.272096 0.00136731 -0.0325677 0.374484
0.0013625 -22968.8 0.257326 0.27649 -0.0202096 -0.018495 0.377708
0.001375 -22812.5 0.257356 0.280972 -0.0237237 0.0107443 0.381022
0.0013875 -22656.2 0.257387 0.285545 -0.0061564 0.0293178 0.384427
0.0014 -22500 0.257419 0.290214 0.0179533 0.02203 0.387929
0.0014125 -22343.8 0.257452 0.294982 0.0274767 -0.00340358 0.39153
0.001425 -22187.5 0.257487 0.299853 0.0123258 -0.0246304 0.395236
0.0014375 -22031.2 0.257523 0.304831 -0.0166995 -0.0245016 0.399049
0.00145 -21875 0.25756 0.309922 -0.0356024 -0.00467228 0.402975
0.0014625 -21718.8 0.257598 0.315131 -0.0273991 0.0173946 0.407018
0.001475 -21562.5 0.257638 0.320461 0.00247182 0.023641 0.411185
0.0014875 -21406.2 0.257678 0.325919 0.0300237 0.00968409 0.415478
0.0015 -21250 0.257722 0.331512 0.0332742 -0.0124616 0.419905
0.0015125 -21093.8 0.257766 0.337243 0.0111981 -0.0242722 0.424472
0.001525 -20937.5 0.257812 0.343121 -0.0160338 -0.0153868 0.429185
0.0015375 -20781.2 0.25786 0.349153 -0.0253638 0.00785246 0.43405
0.00155 -20625 0.25791 0.355346 -0.0107554 0.0267676 0.439077
0.0015625 -20468.8 0.257962 0.361708 0.0128088 0.0250908 0.444271
0.001575 -20312.5 0.258016 0.368246 0.0235612 0.00285754 0.449642
0.0015875 -20156.2 0.258072 0.374972 0.0118538 -0.0225372 0.455198
0.0016 -20000 0.258131 0.381893 -0.0124068 -0.0303053 0.460949
0.0016125 -19843.8 0.258191 0.389021 -0.0288144 -0.0140798 0.466905
0.001625 -19687.5 0.258255 0.396368 -0.023396 0.012217 0.473078
0.0016375 -19531.2 0.258321 0.403945 0.000320239 0.0263361 0.47948
0.00165 -19375 0.258391 0.411764 0.0242009 0.0171434 0.486123
0.0016625 -19218.8 0.258463 0.419842 0.0297127 -0.00597804 0.493022
0.001675 -19062.5 0.258539 0.428191 0.0125946 -0.0220785 0.50019
0.0016875 -18906.2 0.258618 0.43683 -0.0133475 -0.0173798 0.507646
0.0017 -18750 0.258702 0.445775 -0.0269039 0.0032024 0.515405
0.0017125 -18593.8 0.258789 0.455047 -0.0168258 0.0213245 0.523488
0.001725 -18437.5 0.258881 0.464666 0.00826644 0.0214981 0.531915
0.0017375 -18281.2 0.258978 0.474656 0.0265913 0.0038125 0.54071
0.00175 -18125 0.25908 0.48504 0.0217795 -0.016997 0.549897
0.0017625 -17968.8 0.259187 0.495848 -0.00258933 -0.0241332 0.559503
0.001775 -17812.5 0.259301 0.507111 -0.025769 -0.0121689 0.569559
0.0017875 -17656.2 0.259421 0.51886 -0.0279562 0.00899087 0.580099
0.0018 -17500 0.259547 0.531131 -0.0076149 0.0221394 0.591155
0.0018125 -17343.8 0.259682 0.543969 0.0175111 0.0164817 0.602774
0.001825 -17187.5 0.259825 0.557416 0.0262799 -0.00345239 0.614997
0.0018375 -17031.2 0.259977 0.571524 0.0123771 -0.0209786 0.627875
0.00185 -16875 0.26014 0.586347 -0.0110197 -0.0207585 0.641464
0.0018625 -16718.8 0.260314 0.601952 -0.0232935 -0.00205795 0.655828
0.001875 -16562.5 0.2605 0.618408 -0.013944 0.019806 0.671035
0.0018875 -16406.2 0.260701 0.635796 0.0091071 0.0260985 0.687169
0.0019 -16250 0.260917 0.654205 0.0264513 0.0110053 0.704317
0.0019125 -16093.8 0.261151 0.673743 0.0230166 -0.0129493 0.722585
0.001925 -15937.5 0.261404 0.694527 0.000227992 -0.0257298 0.742091
0.0019375 -15781.2 0.26168 0.716696 -0.0246913 -0.0172819 0.762974
0.00195 -15625 0.261981 0.740406 -0.0318895 0.00413922 0.785389
0.0019625 -15468.8 0.262312 0.765847 -0.0148244 0.0199762 0.809524
0.001975 -15312.5 0.262678 0.793236 0.013558 0.0177641 0.835597
0.0019875 -15156.2 0.263083 0.82283 0.0303739 0.00100289 0.863865
0.002 -15000 0.263535 0.854939 0.0215641 -0.0152913 0.894635
0.0020125 -14843.8 0.264044 0.889933 -0.00552762 -0.0179437 0.928278
0.002025 -14687.5 0.264619 0.928264 -0.0275074 -0.00582615 0.965244
0.0020375 -14531.2 0.265275 0.970488 -0.0248696 0.010603 1.00609
0.00205 -14375 0.266032 1.0173 0.000626906 0.0183641 1.05151
0.0020625 -14218.8 0.266914 1.06957 0.0271308 0.0117859 1.10237
0.002075 -14062.5 0.267956 1.12843 0.0318914 -0.00371009 1.15981
0.0020875 -13906.2 0.269203 1.19536 0.0111507 -0.0158156 1.2253
0.0021 -13750 0.270724 1.27233 -0.0172875 -0.0145771 1.30082
0.0021125 -13593.8 0.272617 1.36209 -0.0305067 -0.000515778 1.3891
0.002125 -13437.5 0.275033 1.46849 -0.020192 0.0147196 1.49402
0.0021375 -13281.2 0.278213 1.59728 0.00202998 0.017116 1.62133
0.00215 -13125 0.282568 1.75735 0.0168089 0.00267344 1.77993
0.0021625 -12968.8 0.288849 1.96342 0.0141612 -0.01735 1.98455
0.002175 -12812.5 0.298576 2.24195 0.000217117 -0.0247545 2.26175
0.0021875 -12656.2 0.315306 2.64675 -0.0104077 -0.0106438 2.66547
0.0022 -12500 0.349487 3.30971 -0.00795991 0.0149923 3.32812
0.0022125 -12343.8 0.448124 4.68613 0.00502561 0.0305654 4.7075
0.002225 -12187.5 1.3714 10.9377 0.0169228 0.0218281 11.0234
0.0022375 -12031.2 6.23515 -2.12609 0.0167626 -0.00469056 6.58767
0.00225 -11875 4.03715 -1.19858 0.00276345 -0.0267841 4.21131
0.0022625 -11718.8 3.33856 -0.806757 -0.0160481 -0.026072 3.43465
0.002275 -11562.5 2.64455 -0.86035 -0.0260178 -0.00411106 2.78098
0.0022875 -11406.2 2.74069 -0.918592 -0.0188924 0.0194845 2.89053
0.0023 -11250 2.57974 -0.572827 0.00125356 0.0246938 2.64258
0.0023125 -11093.8 2.21508 -0.465248 0.0200542 0.00820447 2.26341
0.002325 -10937.5 2.03771 -0.528405 0.0235715 -0.014813 2.1051
0.0023375 -10781.2 1.94385 -0.67892 0.0097769 -0.0246171 2.059
0.00235 -10625 1.8646 -0.450749 -0.00925932 -0.01351 1.91831
0.0023625 -10468.8 1.91467 -0.739564 -0.0174297 0.00869612 2.05254
0.002375 -10312.5 1.85245 -0.567107 -0.00870957 0.0236645 1.93732
0.0023875 -10156.2 1.78741 -0.333089 0.0074658 0.0195607 1.81818
0.0024 -10000 1.64586 -0.451907 0.0149634 4.65562e-05 1.70677
0.0024125 -9843.75 1.62545 -0.573102 0.00608204 -0.0191141 1.72353
0.002425 -9687.5 1.59749 -0.248777 -0.0110254 -0.0226087 1.61675
0.0024375 -9531.25 1.27594 -0.458297 -0.0197269 -0.00756554 1.35575
0.00245 -9375 1.57556 -0.728503 -0.0103784 0.0140987 1.73583
0.0024625 -9218.75 1.38076 -0.291754 0.0103508 0.0249039 1.41125
0.002475 -9062.5 1.26482 -0.516343 0.0248441 0.0156944 1.36615
0.0024875 -8906.25 1.56299 -0.689382 0.0198242 -0.00674787 1.70827
0.0025 -8750 1.13491 -0.408511 -0.0019088 -0.0248174 1.20619
0.0025125 -8593.75 1.39001 -0.575929 -0.0234146 -0.0241997 1.5046
0.002525 -8437.5 1.41536 -0.684028 -0.0274755 -0.00552957 1.57198
0.0025375 -8281.25 1.32832 -0.376569 -0.0107006 0.0162012 1.38066
0.00255 -8125 1.18312 -0.300846 0.0137334 0.0241061 1.22077
0.0025625 -7968.75 1.07105 -0.886901 0.0267872 0.0132487 1.39059
0.002575 -7812.5 1.37777 -0.491307 0.0188539 -0.00579021 1.46275
0.0025875 -7656.25 1.25533 -0.419221 -0.00277926 -0.016436 1.32348
0.0026 -7500 0.833094 -0.797365 -0.0202248 -0.010394 1.15319
0.0026125 -7343.75 1.40273 -0.597507 -0.0197239 0.00553771 1.52469
0.002625 -7187.5 1.36238 -0.649973 -0.00266497 0.0157814 1.50949
0.0026375 -7031.25 0.781947 -0.549074 0.0160469 0.0098606 0.95547
0.00265 -6875 1.38876 -0.732565 0.020632 -0.0081191 1.57013
0.0026625 -6718.75 1.07038 -0.89771 0.00741025 -0.0226306 1.397
0.002675 -6562.5 1.32198 -0.374722 -0.0125443 -0.0200198 1.37407
0.0026875 -6406.25 0.9758 -0.87189 -0.0228736 -0.000631714 1.30858
0.0027 -6250 1.14583 -0.590717 -0.0153673 0.0208239 1.28913
0.0027125 -6093.75 0.841512 -0.87926 0.00364684 0.0273251 1.21706
0.002725 -5937.5 0.995733 -1.13059 0.0188117 0.0138366 1.50656
0.0027375 -5781.25 1.02538 -1.50792 0.0183463 -0.00850238 1.82352
0.00275 -5625 0.201749 -1.13422 0.00352551 -0.0219379 1.15202
0.0027625 -5468.75 0.222191 -0.921355 -0.0124992 -0.0170014 0.947767
0.002775 -5312.5 0.227969 -0.803097 -0.015637 0.000198007 0.834826
0.0027875 -5156.25 0.231249 -0.7197 -0.00286127 0.0141909 0.75594
0.0028 -5000 0.233548 -0.65481 0.0146519 0.0137629 0.695212
0.0028125 -4843.75 0.235307 -0.601472 0.0204725 0.000877879 0.645862
0.002825 -4687.5 0.236719 -0.55606 0.00717154 -0.0121916 0.60435
0.0028375 -4531.25 0.237886 -0.516436 -0.0161715 -0.0140019 0.568592
0.00285 -4375 0.238872 -0.481228 -0.0304903 -0.0033468 0.537252
0.0028625 -4218.75 0.239718 -0.449498 -0.0226687 0.010473 0.509424
0.002875 -4062.5 0.240454 -0.42058 0.0026706 0.0158022 0.484464
0.0028875 -3906.25 0.241101 -0.393978 0.0263229 0.00813338 0.461896
0.0029 -3750 0.241674 -0.369315 0.0304064 -0.00635702 0.441362
0.0029125 -3593.75 0.242187 -0.346296 0.0131857 -0.0156768 0.422582
0.002925 -3437.5 0.242648 -0.324687 -0.0101822 -0.011628 0.405339
0.0029375 -3281.25 0.243066 -0.304294 -0.021191 0.0030838 0.389456
0.00295 -3125 0.243446 -0.284962 -0.0133668 0.016223 0.374792
0.0029625 -2968.75 0.243794 -0.266557 0.00375431 0.0157926 0.361231
0.002975 -2812.5 0.244113 -0.248968 0.0142541 0.000820388 0.348678
0.0029875 -2656.25 0.244408 -0.232099 0.00950026 -0.0165136 0.337053
0.003 -2500 0.24468 -0.215866 -0.00571473 -0.0207034 0.326292
0.0030125 -2343.75 0.244935 -0.200199 -0.0182468 -0.00701062 0.316342
0.003025 -2187.5 0.245172 -0.185033 -0.0173573 0.013212 0.307159
0.0030375 -2031.25 0.245395 -0.170312 -0.00263789 0.0220517 0.298705
0.00305 -1875 0.245603 -0.155985 0.0158664 0.0114458 0.29095
0.0030625 -1718.75 0.245799 -0.142006 0.0247442 -0.00898989 0.283871
0.003075 -1562.5 0.245986 -0.128332 0.0168624 -0.0206521 0.277449
0.0030875 -1406.25 0.246163 -0.114927 -0.00272539 -0.0131854 0.271669
0.0031 -1250 0.246331 -0.101755 -0.0194785 0.00615653 0.26652
0.0031125 -1093.75 0.246491 -0.0887809 -0.0201856 0.0197077 0.261992
0.003125 -937.5 0.246646 -0.0759758 -0.00430503 0.0157547 0.258082
0.0031375 -781.25 0.246794 -0.0633092 0.01431 -0.00152518 0.254785
0.00315 -625 0.246938 -0.0507537 0.0186384 -0.0169458 0.2521
0.0031625 -468.75 0.247078 -0.038281 0.00396064 -0.0180984 0.250026
0.003175 -312.5 0.247214 -0.0258667 -0.016834 -0.00510595 0.248563
0.0031875 -156.25 0.247347 -0.0134825 -0.0243181 0.0109858 0.247714
0.0032 0 0.247478 -0.00110432 -0.010491 0.0178195 0.24748
0.0032125 156.25 0.247608 0.0112945 0.0134145 0.0107106 0.247865
0.003225 312.5 0.247736 0.0237381 0.0271009 -0.00482759 0.248871
0.0032375 468.75 0.247866 0.0362543 0.0196991 -0.0172571 0.250503
0.00325 625 0.247996 0.048869 -0.00107584 -0.0167653 0.252765
0.0032625 781.25 0.248127 0.0616104 -0.017183 -0.00239772 0.255661
0.003275 937.5 0.24826 0.0745065 -0.0169604 0.0159622 0.2592
0.0032875 1093.75 0.248398 0.0875893 -0.00417326 0.0236714 0.263388
0.0033 1250 0.248539 0.100889 0.00772688 0.0128558 0.268235
0.0033125 1406.25 0.248686 0.114441 0.00872853 -0.0095041 0.273754
0.003325 1562.5 0.248839 0.128282 1.80451e-05 -0.0255174 0.279959
0.0033375 1718.75 0.249001 0.142451 -0.00910114 -0.0211723 0.286869
0.00335 1875 0.249173 0.156992 -0.0101306 0.000525271 0.294506
0.0033625 2031.25 0.249356 0.171953 -0.00179421 0.021089 0.302897
0.003375 2187.5 0.249553 0.187387 0.00991381 0.0227383 0.312075
0.0033875 2343.75 0.249766 0.203353 0.0163584 0.00459757 0.32208
0.0034 2500 0.249998 0.219916 0.0120534 -0.016593 0.332959
0.0034125 2656.25 0.250253 0.237151 -0.00127688 -0.0220406 0.344771
0.003425 2812.5 0.250534 0.255145 -0.0148045 -0.00781607 0.357584
0.0034375 2968.75 0.250848 0.273994 -0.0181564 0.0126211 0.37148
0.00345 3125 0.251198 0.293813 -0.00781646 0.021586 0.386557
0.0034625 3281.25 0.251594 0.314735 0.00849375 0.0127066 0.402937
0.003475 3437.5 0.252045 0.336918 0.0170207 -0.00512559 0.420762
0.0034875 3593.75 0.252561 0.36055 0.00997247 -0.0170996 0.440208
0.00349999 3750 0.253158 0.385862 -0.00646826 -0.0150628 0.461496
0.00351249 3906.25 0.253855 0.413132 -0.0168733 -0.00259776 0.484892
0.00352499 4062.5 0.254676 0.442713 -0.0108328 0.00965501 0.51074
0.00353749 4218.75 0.255655 0.475055 0.00670249 0.0127644 0.539478
0.00354999 4375 0.256836 0.51074 0.0195525 0.00550196 0.571682
0.00356249 4531.25 0.258286 0.550552 0.0153983 -0.00559041 0.608128
0.00357499 4687.5 0.260095 0.595576 -0.0026586 -0.0112674 0.649892
0.00358749 4843.75 0.262404 0.647377 -0.0190477 -0.00657427 0.698537
0.00359999 5000 0.265433 0.708352 -0.0199339 0.00480279 0.75645
0.00361249 5156.25 0.269563 0.782438 -0.00507573 0.0127713 0.827571
0.00362499 5312.5 0.275508 0.876849 0.0129359 0.00923618 0.919113
0.00363749 5468.75 0.284873 1.00723 0.0199974 -0.00384487 1.04674
0.00364999 5625 0.302906 1.21999 0.0116362 -0.0148411 1.25703
0.00366249 5781.25 0.405668 1.86427 -0.00470938 -0.0125707 1.9079
0.00367499 5937.5 1.34014 1.35233 -0.0164019 0.00251012 1.90389
0.00368749 6093.75 1.30954 1.27025 -0.0150466 0.0173504 1.82439
0.00369999 6250 1.25449 1.11067 -0.00210969 0.0177664 1.67551
0.00371249 6406.25 1.24022 1.14558 0.0123368 0.0019455 1.68834
0.00372499 6562.5 1.30802 0.950172 0.016807 -0.0172115 1.6167
0.00373749 6718.75 0.889315 1.20759 0.00719643 -0.0235117 1.49972
0.00374999 6875 1.16528 0.52596 -0.00913322 -0.0118108 1.27848
0.00376249 7031.25 1.01883 0.539577 -0.0183404 0.00809462 1.15289
0.00377499 7187.5 1.53171 0.588848 -0.0116676 0.0207977 1.641
0.00378749 7343.75 1.44997 0.490522 0.00592922 0.0182345 1.53069
0.00379999 7500 1.64985 0.347832 0.0189673 0.00471173 1.68612
0.00381249 7656.25 1.77309 1.06399 0.0151502 -0.00866 2.06783
0.00382499 7812.5 1.49499 0.78322 -0.00263102 -0.0133342 1.68772
0.00383749 7968.75 1.45463 0.340118 -0.0181377 -0.00846212 1.49386
0.00384999 8125 1.63646 0.695914 -0.0167664 0.000470536 1.77829
0.00386249 8281.25 1.95027 0.284857 0.00039436 0.00643735 1.97096
0.00387499 8437.5 2.20732 0.300293 0.0173171 0.0053938 2.22765
0.00388749 8593.75 3.39511 0.0645127 0.018142 -0.00133309 3.39572
0.00389999 8750 2.2414 -0.205236 0.00202974 -0.00773529 2.25078
0.00391249 8906.25 1.65978 -0.381892 -0.0163857 -0.00733244 1.70315
0.00392499 9062.5 1.8643 -0.742235 -0.0207774 0.00106186 2.00662
0.00393749 9218.75 1.4182 -0.364496 -0.00760279 0.0109406 1.46429
0.00395 9375 1.49797 -0.942234 0.0117473 0.0128388 1.76967
0.0039625 9531.25 1.67782 -0.493108 0.0216429 0.00340039 1.74878
0.003975 9687.5 1.47053 -0.654963 0.0150437 -0.00990656 1.60979
0.0039875 9843.75 1.54271 -0.698653 -0.00218089 -0.0145753 1.69353
0.004 10000 1.3318 -0.325194 -0.0171093 -0.00517277 1.37093
0.0040125 10156.2 1.62191 -0.607253 -0.0194991 0.010146 1.73186
0.004025 10312.5 0.916098 -0.44528 -0.00821706 0.0164091 1.01858
0.0040375 10468.8 1.28255 -0.7891 0.00868374 0.00631422 1.50586
0.00405 10625 1.59261 -0.468316 0.0193145 -0.0118323 1.66004
0.0040625 10781.2 1.05071 -0.459175 0.015756 -0.0212628 1.14666
0.004075 10937.5 0.935207 -0.431325 4.37036e-05 -0.0125422 1.02988
0.0040875 11093.8 1.62744 -1.00598 -0.0162084 0.00731989 1.91326
0.0041 11250 0.793475 -0.0909925 -0.0199279 0.0212832 0.798675
0.0041125 11406.2 1.17201 -0.605653 -0.0073999 0.0178501 1.31925
0.004125 11562.5 0.954564 -0.669394 0.0114552 0.000934617 1.16588
0.0041375 11718.8 0.99246 -0.653234 0.0205955 -0.0146111 1.18815
0.00415 11875 1.03628 -0.8228 0.0118719 -0.0165691 1.32321
0.0041625 12031.2 1.35997 -0.342559 -0.0070531 -0.00516519 1.40245
0.004175 12187.5 0.608501 -0.703791 -0.0190674 0.00876981 0.930374
0.0041875 12343.8 1.15989 -0.994336 -0.013188 0.0139702 1.52776
0.0042 12500 1.18803 -0.319831 0.00508986 0.00755895 1.23033
0.0042125 12656.2 1.03902 -0.679692 0.0187275 -0.00413276 1.24159
0.004225 12812.5 0.805104 -0.748102 0.0149474 -0.0117387 1.09902
0.0042375 12968.8 1.02826 -0.684739 -0.00296512 -0.010115 1.23539
0.00425 13125 1.20245 -0.610778 -0.0188626 -0.00148391 1.34868
0.0042625 13281.2 0.999967 -0.510913 -0.018634 0.00688129 1.12293
0.004275 13437.5 0.716724 -0.516732 -0.00274902 0.00830264 0.883575
0.0042875 13593.8 0.789649 -0.73368 0.0147883 0.00187862 1.07788
0.0043 13750 0.941469 -0.931838 0.0193492 -0.00641833 1.32465
0.0043125 13906.2 0.795538 -0.517121 0.0082598 -0.00811941 0.948839
0.004325 14062.5 0.852703 -1.0234 -0.00786375 0.00044285 1.33209
0.0043375 14218.8 1.14547 -0.923852 -0.0152018 0.0136727 1.4716
0.00435 14375 0.781783 -0.536122 -0.00863031 0.0198117 0.947952
0.0043625 14531.2 0.880438 -0.806696 0.0047363 0.0104492 1.19412
0.004375 14687.5 0.88517 -1.15457 0.012532 -0.0110184 1.45484
0.0043875 14843.8 0.881917 -0.642936 0.00795808 -0.0299567 1.0914
0.0044 15000 1.03912 -1.21648 -0.00474917 -0.0310837 1.59987
0.0044125 15156.2 0.948465 -0.620148 -0.0142971 -0.0110916 1.13321
0.004425 15312.5 0.683357 -1.1481 -0.012009 0.0174332 1.33608
0.0044375 15468.8 0.978617 -1.28941 0.00088671 0.0348528 1.61872
0.00445 15625 0.343353 -1.45448 0.0141948 0.0294257 1.49446
0.0044625 15781.2 0.308923 -1.08091 0.0170524 0.0062672 1.12419
0.004475 15937.5 0.298043 -0.948929 0.00683203 -0.0170142 0.994633
0.0044875 16093.8 0.291531 -0.867174 -0.00858268 -0.024357 0.914867
0.0045 16250 0.287004 -0.807626 -0.0170557 -0.0134217 0.857107
0.0045125 16406.2 0.283607 -0.760671 -0.0119828 0.00384239 0.811821
0.004525 16562.5 0.280933 -0.721854 0.00233574 0.0121639 0.774594
0.00453751 16718.8 0.278758 -0.688744 0.0141428 0.00587089 0.743017
0.00455001 16875 0.276944 -0.659866 0.0137531 -0.00709493 0.715626
0.00456251 17031.2 0.275403 -0.634257 0.00146705 -0.013076 0.691468
0.00457501 17187.5 0.274074 -0.61125 -0.0125512 -0.00527527 0.669883
0.00458751 17343.8 0.272914 -0.590368 -0.0164172 0.0100917 0.650397
0.00460001 17500 0.27189 -0.571253 -0.00625235 0.0193803 0.632657
0.00461251 17656.2 0.27098 -0.553635 0.0102997 0.0137508 0.616394
0.00462501 17812.5 0.270163 -0.537298 0.0197997 -0.00287581 0.601396
0.00463751 17968.8 0.269425 -0.522072 0.0137639 -0.017167 0.587494
0.00465001 18125 0.268756 -0.507819 -0.00400262 -0.017913 0.574551
0.00466251 18281.2 0.268146 -0.494424 -0.0197073 -0.00541681 0.562456
0.00467501 18437.5 0.267587 -0.481793 -0.0203341 0.0093809 0.551115
0.00468751 18593.8 0.267073 -0.469847 -0.00458937 0.0147563 0.540448
0.00470001 18750 0.266598 -0.458517 0.0152044 0.00792482 0.530389
0.00471251 18906.2 0.266157 -0.447745 0.022697 -0.0037109 0.520879
0.00472501 19062.5 0.265748 -0.437479 0.0112865 -0.010001 0.511869
0.00473751 19218.8 0.265367 -0.427677 -0.00963261 -0.00682223 0.503316
0.00475001 19375 0.26501 -0.4183 -0.0220855 0.00143249 0.495182
0.00476251 19531.2 0.264677 -0.409313 -0.0149816 0.0068376 0.487433
0.00477501 19687.5 0.264363 -0.400687 0.00574395 0.00506342 0.48004
0.00478751 19843.8 0.264069 -0.392395 0.0217961 -0.0015639 0.472976
0.00480001 20000 0.263791 -0.384412 0.0185073 -0.00681652 0.466218
0.00481251 20156.2 0.26353 -0.376719 -0.00189776 -0.00595582 0.459745
0.00482501 20312.5 0.263282 -0.369295 -0.0218748 0.000696176 0.453537
0.00483751 20468.8 0.263047 -0.362121 -0.0238584 0.0081888 0.447577
0.00485001 20625 0.262825 -0.355184 -0.00567984 0.010557 0.441851
0.00486251 20781.2 0.262614 -0.348467 0.0176267 0.0051399 0.436343
0.00487501 20937.5 0.262412 -0.341959 0.0269723 -0.00507562 0.431041
0.00488751 21093.8 0.26222 -0.335646 0.0153617 -0.0129073 0.425931
0.00490001 21250 0.262038 -0.329517 -0.00698614 -0.0119681 0.421005
0.00491251 21406.2 0.261863 -0.323563 -0.0221487 -0.00205506 0.416252
0.00492501 21562.5 0.261697 -0.317774 -0.0194836 0.00964034 0.411662
0.00493751 21718.8 0.261538 -0.31214 -0.0032421 0.0136378 0.407227
0.00495001 21875 0.261386 -0.306655 0.0124862 0.00622937 0.402939
0.00496251 22031.2 0.26124 -0.301311 0.0158863 -0.00655225 0.398792
0.00497501 22187.5 0.261101 -0.2961 0.00621093 -0.0134817 0.394777
0.00498751 22343.8 0.260967 -0.291016 -0.0070039 -0.007979 0.390888
0.00500001 22500 0.260838 -0.286053 -0.0124327 0.00557927 0.387121
0.00501251 22656.2 0.260714 -0.281206 -0.00595684 0.0153312 0.383469
0.00502501 22812.5 0.260595 -0.276469 0.00649402 0.012438 0.379927
0.00503751 22968.8 0.26048 -0.271837 0.0139752 -0.000962385 0.376491
0.00505001 23125 0.26037 -0.267305 0.00949273 -0.013712 0.373155
0.00506251 23281.2 0.260264 -0.26287 -0.00396238 -0.0155523 0.369916
0.00507501 23437.5 0.260161 -0.258527 -0.0153569 -0.00579183 0.366769
0.00508751 23593.8 0.260062 -0.254271 -0.0146131 0.00683991 0.363712
0.00510001 23750 0.259966 -0.250101 -0.0015836 0.0122571 0.360739
0.00511251 23906.2 0.259874 -0.246011 0.0130257 0.00730473 0.357849
0.00512502 24062.5 0.259785 -0.241999 0.0164991 -0.00260201 0.355038
0.00513752 24218.8 0.259699 -0.238062 0.00549882 -0.00880616 0.352302
0.00515002 24375 0.259615 -0.234197 -0.0104294 -0.00645926 0.34964
0.00516252 24531.2 0.259535 -0.2304 -0.0170775 0.00219575 0.347048
0.00517502 24687.5 0.259457 -0.226671 -0.00840892 0.00999191 0.344525
0.00518752 24843.8 0.259381 -0.223005 0.00789685 0.0102863 0.342067
0.00520002 25000 0.259308 -0.219401 0.0174951 0.00194565 0.339672
0.00521252 25156.2 0.259237 -0.215856 0.0124006 -0.00935945 0.337339
0.00522502 25312.5 0.259168 -0.212369 -0.00222723 -0.0148246 0.335065
0.00523752 25468.8 0.259102 -0.208937 -0.0135105 -0.00926619 0.332849
0.00525002 25625 0.259036 -0.205558 -0.0127652 0.00392449 0.330687
0.00526252 25781.2 0.258973 -0.20223 -0.00256612 0.0144138 0.328579
0.00527502 25937.5 0.258912 -0.198952 0.00689843 0.0131136 0.326523
0.00528752 26093.8 0.258852 -0.195723 0.00768598 0.000523719 0.324518
0.00530002 26250 0.258795 -0.192539 0.000675741 -0.0127165 0.322562
0.00531252 26406.2 0.258738 -0.1894 -0.00637156 -0.0147345 0.320652
0.00532502 26562.5 0.258683 -0.186304 -0.00632148 -0.0033095 0.318789
0.00533752 26718.8 0.25863 -0.18325 0.00133001 0.0115873 0.316971
0.00535002 26875 0.258579 -0.180237 0.0104539 0.0166285 0.315196
0.00536252 27031.2 0.258529 -0.177264 0.0133333 0.00740668 0.313464
0.00537502 27187.5 0.258479 -0.174328 0.00649576 -0.00750052 0.311772
0.00538752 27343.8 0.258431 -0.171429 -0.00657623 -0.0146499 0.31012
0.00540002 27500 0.258385 -0.168565 -0.017407 -0.00829747 0.308508
0.00541252 27656.2 0.25834 -0.165735 -0.0180777 0.0045274 0.306932
0.00542502 27812.5 0.258295 -0.16294 -0.00705768 0.0110235 0.305395
0.00543752 27968.8 0.258253 -0.160176 0.00887524 0.00479517 0.303893
0.00545002 28125 0.258211 -0.157444 0.0188839 -0.00821888 0.302426
0.00546252 28281.2 0.25817 -0.154743 0.0161187 -0.015244 0.300993
0.00547502 28437.5 0.258129 -0.152071 0.00330585 -0.00826179 0.299593
0.00548752 28593.8 0.258091 -0.149428 -0.00927982 0.00866268 0.298227
0.00550002 28750 0.258053 -0.146812 -0.0123287 0.0224144 0.296892
0.00551252 28906.2 0.258015 -0.144224 -0.00526225 0.0213828 0.295588
0.00552502 29062.5 0.257979 -0.141662 0.00376907 0.00484046 0.294315
0.00553752 29218.8 0.257944 -0.139125 0.00572467 -0.0161667 0.293071
0.00555002 29375 0.257909 -0.136612 -0.000871218 -0.0269617 0.291856
0.00556252 29531.2 0.257875 -0.134124 -0.00867622 -0.0201682 0.290669
0.00557502 29687.5 0.257842 -0.131658 -0.00857688 -0.00116554 0.28951
0.00558752 29843.8 0.25781 -0.129215 0.00149961 0.0161214 0.288379
0.00560002 30000 0.257779 -0.126795 0.0140458 0.0199373 0.287275
0.00561252 30156.2 0.257747 -0.124395 0.0180371 0.00955099 0.286196
0.00562502 30312.5 0.257717 -0.122016 0.00841275 -0.00484639 0.285142
0.00563752 30468.8 0.257688 -0.119657 -0.00904736 -0.0110699 0.284114
0.00565002 30625 0.257659 -0.117318 -0.0216275 -0.00513607 0.283111
0.00566252 30781.2 0.257631 -0.114998 -0.0194492 0.00593311 0.282131
0.00567502 30937.5 0.257604 -0.112696 -0.00348405 0.0108827 0.281176
0.00568752 31093.8 0.257576 -0.110411 0.0146747 0.00437175 0.280243
0.00570002 31250 0.25755 -0.108144 0.021521 -0.00844362 0.279334
0.00571252 31406.2 0.257524 -0.105894 0.0122666 -0.0165949 0.278446
0.00572503 31562.5 0.257499 -0.10366 -0.00519106 -0.0127684 0.277581
0.00573753 31718.8 0.257474 -0.101442 -0.0166092 0.000674004 0.276737
0.00575003 31875 0.25745 -0.0992389 -0.0131807 0.013827 0.275915
0.00576253 32031.2 0.257426 -0.0970508 0.00113267 0.0172194 0.275113
0.00577503 32187.5 0.257403 -0.0948775 0.0132193 0.0089817 0.274332
0.00578753 32343.8 0.257381 -0.0927182 0.0124161 -0.00414537 0.273572
0.00580003 32500 0.257358 -0.0905727 -0.000147985 -0.012255 0.272831
0.00581253 32656.2 0.257337 -0.0884399 -0.0128271 -0.00982421 0.27211
0.00582503 32812.5 0.257316 -0.0863199 -0.0141163 0.000217109 0.271409
0.00583753 32968.8 0.257295 -0.0842129 -0.00293851 0.00889398 0.270726
0.00585003 33125 0.257274 -0.0821178 0.0106781 0.00840052 0.270062
0.00586253 33281.2 0.257254 -0.080034 0.0148306 -0.00131972 0.269416
0.00587503 33437.5 0.257234 -0.0779613 0.00628671 -0.0120613 0.268789
0.00588753 33593.8 0.257215 -0.0758999 -0.00701245 -0.0138876 0.26818
0.00590003 33750 0.257197 -0.073849 -0.0132832 -0.00372979 0.267589
0.00591253 33906.2 0.257179 -0.0718085 -0.00722922 0.0113022 0.267015
0.00592503 34062.5 0.25716 -0.0697784 0.00559517 0.0192813 0.266459
0.00593753 34218.8 0.257143 -0.0677575 0.0137732 0.0133961 0.26592
0.00595003 34375 0.257125 -0.0657449 0.00980488 -0.00204276 0.265398
0.00596253 34531.2 0.257108 -0.0637424 -0.00355278 -0.0149579 0.264892
0.00597503 34687.5 0.257092 -0.061748 -0.0154824 -0.0155462 0.264403
0.00598753 34843.8 0.257075 -0.0597617 -0.0159334 -0.00440285 0.26393
0.00600003 35000 0.25706 -0.0577842 -0.0038952 0.00823604 0.263474
0.00601253 35156.2 0.257045 -0.055814 0.0116004 0.0114003 0.263035
0.00602503 35312.5 0.25703 -0.0538513 0.0186357 0.00276252 0.26261
0.00603753 35468.8 0.257014 -0.0518957 0.0119632 -0.00945581 0.262201
0.00605003 35625 0.257 -0.0499469 -0.00285094 -0.0136014 0.261808
0.00606253 35781.2 0.256986 -0.0480052 -0.0140958 -0.00472513 0.261431
0.00607503 35937.5 0.256971 -0.0460692 -0.0134577 0.0107954 0.261068
0.00608753 36093.8 0.256958 -0.0441395 -0.00248842 0.0201973 0.260722
0.00610003 36250 0.256945 -0.0422157 0.00916826 0.0149642 0.26039
0.00611253 36406.2 0.256931 -0.0402973 0.0119345 -0.00170465 0.260072
0.00612503 36562.5 0.256919 -0.0383841 0.00391076 -0.017144 0.25977
0.00613753 36718.8 0.256906 -0.036476 -0.00801072 -0.0196404 0.259483
0.00615003 36875 0.256894 -0.0345726 -0.0138946 -0.00821711 0.25921
0.00616253 37031.2 0.256882 -0.0326739 -0.00854068 0.00681239 0.258951
0.00617503 37187.5 0.25687 -0.0307794 0.00453235 0.0130814 0.258708
0.00618753 37343.8 0.256859 -0.0288887 0.0155921 0.00689149 0.258479
0.00620003 37500 0.256847 -0.0270024 0.0158516 -0.00423887 0.258263
0.00621253 37656.2 0.256836 -0.0251194 0.00429642 -0.00917575 0.258062
0.00622503 37812.5 0.256826 -0.0232395 -0.0109105 -0.00346741 0.257875
0.00623753 37968.8 0.256815 -0.021362 -0.018167 0.00720185 0.257702
0.00625003 38125 0.256805 -0.0194877 -0.0116263 0.0129326 0.257543
0.00626253 38281.2 0.256796 -0.0176168 0.00348101 0.00862325 0.257399
0.00627503 38437.5 0.256786 -0.0157471 0.0146483 -0.00223588 0.257268
0.00628753 38593.8 0.256776 -0.0138809 0.0127117 -0.0114179 0.257151
0.00630003 38750 0.256767 -0.012016 0.000130048 -0.0128579 0.257048
0.00631254 38906.2 0.256758 -0.0101526 -0.0111325 -0.00653786 0.256959
0.00632504 39062.5 0.256749 -0.00829105 -0.0107813 0.00261646 0.256883
0.00633754 39218.8 0.25674 -0.00643048 3.9222e-05 0.00855817 0.256821
0.00635004 39375 0.256732 -0.00457071 0.0100662 0.0077253 0.256773
0.00636254 39531.2 0.256724 -0.00271187 0.00921755 0.00104977 0.256738
0.00637504 39687.5 0.256716 -0.000853624 -0.00138776 -0.00626106 0.256717
0.00638754 39843.8 0.256708 0.00100429 -0.0107567 -0.00781458 0.25671
