0 -50000 471684 -6381.66 192000 0 471727
1e-05 -49902.3 471454 -6245.04 167853 -29.3944 471495
2e-05 -49804.7 471223 -6105.21 109471 -167.555 471263
3e-05 -49707 470990 -5932.09 48152.6 -294.749 471028
4e-05 -49609.4 470756 -5694.32 9475.66 -186.833 470790
5e-05 -49511.7 470518 -5357.41 -2053.74 150.953 470548
6e-05 -49414.1 470276 -4881.41 532.104 407.354 470301
7e-05 -49316.4 470028 -4217.87 2515.15 306.089 470047
8e-05 -49218.7 469773 -3305.31 -486.28 -40.2573 469785
9e-05 -49121.1 469507 -2062.14 -3750.88 -242.844 469512
0.0001 -49023.4 469225 -374.937 -2972.06 -127.058 469225
0.00011 -48925.8 468917 1922.65 -192.068 5.60043 468921
0.00012 -48828.1 468567 5090.96 -579.206 -274.814 468594
0.00013 -48730.5 468137 9573.96 -5450.87 -942.713 468234
0.00014 -48632.8 467533 16228.7 -10358.4 -1429.25 467815
0.00015 -48535.2 466432 27082.9 -10235 -1222.05 467218
0.00016 -48437.5 462564 49535.5 -5251.85 -495.873 465209
0.00017 -48339.8 573641 84036.6 -589.949 -0.167595 579764
0.00018 -48242.2 569312 30062.9 -626.743 -256.559 570105
0.00019 -48144.5 568119 7710.71 -4300.32 -956.875 568171
0.0002 -48046.9 567453 -7560.98 -6714.63 -1283.06 567504
0.00021 -47949.2 566970 -19723.6 -4828.94 -831.661 567313
0.00022 -47851.6 566573 -30176.6 -725.229 -104.372 567376
0.00023 -47753.9 566224 -39583.4 937.183 13.8294 567606
0.00024 -47656.2 565905 -48317.6 -1912.73 -774.365 567964
0.00025 -47558.6 565609 -56617.3 -6717.6 -1834.99 568436
0.00026 -47460.9 565331 -64651.3 -9217.33 -2252.97 569016
0.00027 -47363.3 565070 -72551.7 -7697.36 -1732.17 569708
0.00028 -47265.6 564824 -80433.6 -3994.92 -768.836 570523
0.00029 -47168 564597 -88409.1 -822.287 -1.29809 571477
0.0003 -47070.3 564392 -96601 1015.74 432.56 572600
0.00031 -46972.7 564218 -105159 2471.55 804.698 573934
0.00032 -46875 564087 -114288 4035.02 1205.65 575549
0.00033 -46777.3 564028 -124297 4659.91 1297.78 577561
0.00034 -46679.7 564098 -135719 3237.94 777.937 580195
0.00035 -46582 564448 -149634 584.625 -46.4691 583945
0.00036 -46484.4 565619 -168900 -841.677 -387.783 590298
0.00037 -46386.7 571845 -208005 532.21 202.324 608501
0.00038 -46289.1 462502 -201884 3499.36 1241.17 504644
0.00039 -46191.4 468166 -176925 5122.45 1705.9 500482
0.0004 -46093.7 469329 -166759 3698.84 1062.1 498075
0.00041 -45996.1 469715 -161224 426.388 -178.938 496614
0.00042 -45898.4 469833 -157994 -1966 -992.23 495686
0.00043 -45800.8 469827 -156154 -1993.52 -871.64 495098
0.00044 -45703.1 469755 -155251 -576.934 -237.993 494745
0.00045 -45605.5 469642 -155027 412.585 160.47 494567
0.00046 -45507.8 469503 -155326 297.604 98.9643 494529
0.00047 -45410.2 469346 -156045 -0.433322 4.40248 494607
0.00048 -45312.5 469177 -157114 538.181 299.031 494784
0.00049 -45214.8 468998 -158486 1649.9 820.338 495052
0.0005 -45117.2 468811 -160129 2166.29 1024.04 495404
0.00051 -45019.5 468618 -162021 1522.02 679.624 495837
0.00052 -44921.9 468421 -164149 442.303 165.981 496350
0.00053 -44824.2 468219 -166507 -3.98868 -6.19596 496944
0.00054 -44726.6 468013 -169096 266.904 163.517 497624
0.00055 -44628.9 467803 -171922 332.603 186.434 498394
0.00056 -44531.2 467590 -174998 -429.312 -230.004 499264
0.00057 -44433.6 467372 -178345 -1365.68 -691.128 500244
0.00058 -44335.9 467149 -181996 -1184.28 -489.223 501349
0.00059 -44238.3 466921 -185992 481.485 531.903 502602
0.0006 -44140.6 466685 -190398 2438.26 1647.03 504030
0.00061 -44043 466439 -195302 3052.29 1916.12 505676
0.00062 -43945.3 466178 -200841 1923.12 1158 507601
0.00063 -43847.7 465894 -207223 268.297 152.339 509900
0.00064 -43750 465569 -214802 -366.063 -161.682 512732
0.00065 -43652.3 465165 -224241 383.686 390.863 516394
0.00066 -43554.7 464568 -237005 1550.58 1154.25 521531
0.00067 -43457 463273 -257580 2022.44 1414.85 530066
0.00068 -43359.4 452794 -322242 1610.9 1083.35 555754
0.00069 -43261.7 378058 -260255 900.067 568.765 458978
0.0007 -43164.1 376782 -242546 310.183 140.206 448100
0.00071 -43066.4 376226 -232629 -351.426 -359.186 442337
0.00072 -42968.7 375865 -226037 -1358.03 -1113.46 438597
0.00073 -42871.1 375584 -221302 -2369.84 -1840.86 435934
0.00074 -42773.4 375344 -217763 -2596.9 -1941.3 433939
0.00075 -42675.8 375126 -215064 -1711.68 -1195.59 432403
0.00076 -42578.1 374923 -212992 -390.659 -165.366 431200
0.00077 -42480.5 374730 -211412 262.278 279.334 430253
0.00078 -42382.8 374543 -210228 -168.067 -151.744 429510
0.00079 -42285.2 374361 -209377 -1008.15 -867.397 428935
0.0008 -42187.5 374183 -208809 -1270.58 -1052.12 428502
0.00081 -42089.8 374007 -208488 -725.882 -557.057 428192
0.00082 -41992.2 373834 -208388 -78.28 -23.2861 427992
0.00083 -41894.5 373661 -208487 -103.19 -116.867 427890
0.00084 -41796.9 373491 -208771 -771.768 -767.552 427879
0.00085 -41699.2 373321 -209226 -1336.18 -1271.55 427953
0.00086 -41601.6 373151 -209844 -1202.61 -1100.46 428108
0.00087 -41503.9 372982 -210619 -550.504 -461.447 428341
0.00088 -41406.2 372813 -211547 -36.2718 5.77484 428651
0.00089 -41308.6 372644 -212625 -18.6362 -22.7278 429038
0.0009 -41210.9 372475 -213855 -238.869 -261.917 429502
0.00091 -41113.3 372306 -215238 -257.978 -271.415 430045
0.00092 -41015.6 372135 -216779 -28.3526 -28.6277 430671
0.00093 -40918 371964 -218483 119.802 108.987 431384
0.00094 -40820.3 371791 -220361 7.50588 -28.6298 432190
0.00095 -40722.7 371617 -222425 -78.4577 -103.962 433096
0.00096 -40625 371441 -224691 267.671 324.118 434113
0.00097 -40527.3 371261 -227179 973.207 1132.55 435253
0.00098 -40429.7 371077 -229918 1409.24 1569.02 436533
0.00099 -40332 370889 -232944 1007.92 987.18 437974
0.001 -40234.4 370693 -236305 -90.9984 -396.474 439606
0.00101 -40136.7 370488 -240068 -1107.27 -1606.04 441468
0.00102 -40039.1 370268 -244327 -1354.4 -1815.69 443615
0.00103 -39941.4 370028 -249218 -856.113 -1103.63 446128
0.00104 -39843.7 369754 -254958 -215.175 -264.185 449134
0.00105 -39746.1 369421 -261903 54.4061 56.7032 452841
0.00106 -39648.4 368973 -270724 -26.3416 -73.3163 457638
0.00107 -39550.8 368245 -282908 -100.341 -160.433 464372
0.00108 -39453.1 366501 -303041 21.0245 31.3147 475560
0.00109 -39355.5 350708 -370370 175.401 251.11 510069
0.0011 -39257.8 283775 -303772 148.204 200.795 415699
0.00111 -39160.2 281864 -285606 9.80874 10.6701 401271
0.00112 -39062.5 281141 -275156 41.2408 105.803 393384
0.00113 -38964.8 280725 -268018 350.752 622.809 388124
0.00114 -38867.2 280431 -262746 685.4 1139.65 384288
0.00115 -38769.5 280200 -258683 699.554 1116.35 381351
0.00116 -38671.9 280003 -255479 368.351 551.397 379040
0.00117 -38574.2 279828 -252926 40.9606 44.8457 377194
0.00118 -38476.6 279667 -250889 53.5851 140.541 375712
0.00119 -38378.9 279517 -249280 349.902 695.872 374527
0.0012 -38281.2 279373 -248037 552.844 1032.72 373593
0.00121 -38183.6 279233 -247117 403.834 721.983 372878
0.00122 -38085.9 279098 -246488 61.3614 101.652 372360
0.00123 -37988.3 278964 -246131 -77.8445 -79.1692 372023
0.00124 -37890.6 278832 -246032 179.568 506.364 371859
0.00125 -37793 278700 -246185 618.48 1391.85 371862
0.00126 -37695.3 278569 -246590 854.069 1807.26 372031
0.00127 -37597.7 278436 -247253 719.458 1450.75 372372
0.00128 -37500 278301 -248186 376.291 691.049 372891
0.00129 -37402.3 278164 -249408 77.294 57.7587 373603
0.0013 -37304.7 278021 -250951 -98.6229 -309.449 374529
0.00131 -37207 277873 -252856 -240.435 -620.242 375699
0.00132 -37109.4 277715 -255185 -394.848 -956.848 377153
0.00133 -37011.7 277543 -258025 -459.269 -1053.75 378956
0.00134 -36914.1 277350 -261511 -322.757 -657.932 381197
0.00135 -36816.4 277123 -265848 -62.3786 -0.963792 384022
0.00136 -36718.7 276836 -271387 80.5004 289.783 387672
0.00137 -36621.1 276427 -278781 -51.9491 -156.231 392595
0.00138 -36523.4 275716 -289474 -344.569 -970.253 399769
0.00139 -36425.8 273835 -307864 -509.392 -1345.3 412026
0.0014 -36328.1 206587 -374486 -376.622 -851.964 427689
0.00141 -36230.5 191131 -307470 -59.716 115.357 362035
0.00142 -36132.8 189505 -287556 176.689 754.77 344384
0.00143 -36035.2 188882 -275594 186.376 668.597 334109
0.00144 -35937.5 188536 -266998 54.7492 182.723 326854
0.00145 -35839.8 188304 -260277 -39.8418 -122.979 321251
0.00146 -35742.2 188131 -254759 -30.1819 -75.4645 316694
0.00147 -35644.5 187991 -250084 0.467071 -3.41095 312862
0.00148 -35546.9 187871 -246038 -43.0561 -228.063 309564
0.00149 -35449.2 187766 -242479 -140.599 -621.703 306679
0.0015 -35351.6 187671 -239313 -189.42 -770.596 304124
0.00151 -35253.9 187584 -236472 -137.424 -506.101 301839
0.00152 -35156.2 187501 -233906 -43.9877 -120.086 299781
0.00153 -35058.6 187423 -231577 -0.246942 4.97695 297918
0.00154 -34960.9 187348 -229455 -17.6538 -123.878 296225
0.00155 -34863.3 187276 -227518 -24.2682 -139.087 294681
0.00156 -34765.6 187206 -225747 32.7524 169.373 293270
0.00157 -34668 187137 -224126 110.524 499.83 291981
0.00158 -34570.3 187070 -222645 115.302 333.525 290802
0.00159 -34472.7 187004 -221293 14.466 -426.138 289725
0.0016 -34375 186938 -220061 -117.755 -1232.05 288744
0.00161 -34277.3 186874 -218945 -173.37 -1403.51 287852
0.00162 -34179.7 186810 -217938 -118.386 -833.387 287045
0.00163 -34082 186746 -217036 -18.4523 -106.899 286320
0.00164 -33984.4 186682 -216237 35.7106 102.264 285673
0.00165 -33886.7 186619 -215539 14.2667 -307.935 285103
0.00166 -33789.1 186556 -214939 -40.8664 -849.125 284608
0.00167 -33691.4 186492 -214438 -74.1951 -1015.47 284188
0.00168 -33593.7 186428 -214035 -69.719 -761.075 283843
0.00169 -33496.1 186364 -213733 -48.7278 -386.749 283573
0.0017 -33398.4 186299 -213534 -32.4697 -79.2757 283380
0.00171 -33300.8 186234 -213440 -20.0568 276.569 283266
0.00172 -33203.1 186167 -213456 0.146433 803.251 283234
0.00173 -33105.5 186100 -213587 29.5749 1292.53 283289
0.00174 -33007.8 186030 -213841 55.6024 1329.8 283435
0.00175 -32910.2 185959 -214227 64.0087 786.409 283679
0.00176 -32812.5 185886 -214754 50.4559 74.1188 284030
0.00177 -32714.8 185810 -215438 22.3416 -209.58 284497
0.00178 -32617.2 185730 -216296 -5.17569 107.119 285095
0.00179 -32519.5 185645 -217349 -16.2086 594.979 285840
0.0018 -32421.9 185555 -218626 -5.27991 701.962 286754
0.00181 -32324.2 185456 -220163 13.8497 353.6 287864
0.00182 -32226.6 185348 -222010 15.6354 1.99479 289209
0.00183 -32128.9 185225 -224232 -12.4342 85.2964 290840
0.00184 -32031.2 185081 -226923 -51.5978 529.296 292830
0.00185 -31933.6 184907 -230222 -65.9762 851.025 295284
0.00186 -31835.9 184683 -234341 -40.4066 714.284 298368
0.00187 -31738.3 184373 -239640 0.0103945 281.766 302358
0.00188 -31640.6 183892 -246787 15.6597 -16.7401 307766
0.00189 -31543 182997 -257277 -3.04048 16.119 315720
0.0019 -31445.3 180564 -275741 -25.9822 176.184 329600
0.00191 -31347.7 152114 -346030 -22.6942 177.033 377989
0.00192 -31250 101276 -272965 -1.90434 18.0547 291147
0.00193 -31152.3 98687.3 -252860 2.20626 -63.7284 271436
0.00194 -31054.7 97799.2 -240513 -16.8049 30.11 259637
0.00195 -30957 97352 -231453 -16.7824 71.5867 251094
0.00196 -30859.4 97082.8 -224220 42.1559 -212.4 244335
0.00197 -30761.7 96902.8 -218153 129.055 -719.085 238707
0.00198 -30664.1 96773.7 -212897 148.203 -960.168 233860
0.00199 -30566.4 96676.6 -208240 34.1137 -549.086 229587
0.002 -30468.7 96600.8 -204043 -162.53 338.831 225755
0.00201 -30371.1 96539.9 -200212 -303.485 1072.89 222272
0.00202 -30273.4 96489.9 -196680 -290.259 1157.73 219073
0.00203 -30175.8 96448 -193395 -157.789 681.298 216111
0.00204 -30078.1 96412.4 -190322 -31.8363 156.63 213349
0.00205 -29980.5 96381.7 -187428 2.28439 -29.6818 210758
0.00206 -29882.8 96354.9 -184692 -26.5659 56.3277 208316
0.00207 -29785.2 96331.4 -182094 -34.6833 103.893 206004
0.00208 -29687.5 96310.5 -179617 5.90767 -19.4043 203809
0.00209 -29589.8 96291.9 -177250 42.8759 -150.531 201717
0.0021 -29492.2 96275.1 -174981 29.0353 -115.135 199718
0.00211 -29394.5 96259.9 -172801 0.341608 -5.15697 197804
0.00212 -29296.9 96246.1 -170702 37.1718 -75.5334 195966
0.00213 -29199.2 96233.4 -168677 151.335 -390.632 194198
0.00214 -29101.6 96221.8 -166720 246.743 -685.425 192495
0.00215 -29003.9 96211.1 -164826 220.281 -648.989 190851
0.00216 -28906.2 96201.1 -162990 91.8553 -305.158 189263
0.00217 -28808.6 96191.9 -161208 -0.137233 -19.2156 187725
0.00218 -28710.9 96183.4 -159476 49.9401 -94.5918 186236
0.00219 -28613.3 96175.3 -157792 187.419 -422.311 184792
0.0022 -28515.6 96167.8 -156152 251.447 -602.048 183389
0.00221 -28418 96160.8 -154553 160.817 -406.46 182026
0.00222 -28320.3 96154.2 -152994 18.9269 -54.1675 180701
0.00223 -28222.7 96147.9 -151471 8.18874 26.7047 179410
0.00224 -28125 96142 -149984 185.725 -323.635 178153
0.00225 -28027.3 96136.4 -148530 410.88 -816.389 176927
0.00226 -27929.7 96131.1 -147107 487.309 -1019.8 175732
0.00227 -27832 96126 -145714 358.377 -789.692 174565
0.00228 -27734.4 96121.2 -144350 140.274 -353.542 173425
0.00229 -27636.7 96116.7 -143013 -26.5684 -5.93528 172311
0.0023 -27539.1 96112.3 -141702 -118.307 188.506 171222
0.00231 -27441.4 96108.1 -140416 -198.865 351.157 170157
0.00232 -27343.7 96104.1 -139153 -282.307 521.803 169114
0.00233 -27246.1 96100.3 -137914 -284.697 553.649 168094
0.00234 -27148.4 96096.7 -136696 -142.281 322.004 167094
0.00235 -27050.8 96093.1 -135499 56.0145 -31.0656 166114
0.00236 -26953.1 96089.8 -134323 115.995 -168.537 165154
0.00237 -26855.5 96086.5 -133166 -53.997 85.2503 164213
0.00238 -26757.8 96083.4 -132028 -310.217 510.475 163289
0.00239 -26660.2 96080.4 -130908 -393.029 680.956 162383
0.0024 -26562.5 96077.5 -129805 -191.546 397.05 161494
0.00241 -26464.8 96074.7 -128719 134.58 -108.941 160621
0.00242 -26367.2 96072 -127650 316.832 -419.296 159763
0.00243 -26269.5 96069.4 -126596 247.539 -351.026 158921
0.00244 -26171.9 96066.8 -125558 62.8113 -92.5725 158093
0.00245 -26074.2 96064.4 -124534 -38.4785 59.844 157280
0.00246 -25976.6 96062 -123524 -17.1086 33.2817 156481
0.00247 -25878.9 96059.7 -122529 -2.70423 2.38751 155694
0.00248 -25781.2 96057.5 -121546 -100.411 120.962 154921
0.00249 -25683.6 96055.3 -120577 -245.265 313.433 154161
0.0025 -25585.9 96053.3 -119621 -282.921 375.141 153412
0.00251 -25488.3 96051.2 -118677 -168.162 236.21 152676
0.00252 -25390.6 96049.2 -117744 -26.2088 49.6682 151951
0.00253 -25293 96047.3 -116824 3.41966 -3.01333 151238
0.00254 -25195.3 96045.4 -115914 -57.1683 62.656 150535
0.00255 -25097.7 96043.6 -115016 -58.2046 67.1814 149844
0.00256 -25000 96041.9 -114129 66.0447 -79.0414 149162
0.00257 -24902.3 96040.1 -113251 174.995 -223.162 148491
0.00258 -24804.7 96038.5 -112384 64.0892 -127.514 147830
0.00259 -24707 96036.8 -111527 -275.969 233.386 147178
0.0026 -24609.4 96035.2 -110680 -595.363 593.166 146536
0.00261 -24511.7 96033.7 -109842 -620.619 647.791 145903
0.00262 -24414.1 96032.1 -109013 -343.469 371.819 145279
0.00263 -24316.4 96030.7 -108193 -39.1383 45.5245 144664
0.00264 -24218.7 96029.2 -107382 13.4566 -35.1667 144058
0.00265 -24121.1 96027.8 -106580 -195.37 155.249 143459
0.00266 -24023.4 96026.4 -105786 -429.147 388.173 142870
0.00267 -23925.8 96025 -105000 -472.904 446.502 142288
0.00268 -23828.1 96023.7 -104222 -330.113 323.64 141714
0.00269 -23730.5 96022.4 -103452 -146.918 156.595 141147
0.0027 -23632.8 96021.2 -102689 1.00195 22.8974 140589
0.00271 -23535.2 96019.9 -101934 175.475 -129.273 140037
0.00272 -23437.5 96018.7 -101186 424.074 -347.569 139493
0.00273 -23339.8 96017.5 -100446 632.11 -539.502 138956
0.00274 -23242.2 96016.4 -99712.4 604.718 -537.112 138426
0.00275 -23144.5 96015.2 -98985.7 307.27 -301.687 137902
0.00276 -23046.9 96014.1 -98265.7 -34.8172 -12.8543 137386
0.00277 -22949.2 96013 -97552.3 -134.567 90.9966 136876
0.00278 -22851.6 96011.9 -96845.4 59.0074 -43.7006 136372
0.00279 -22753.9 96010.9 -96144.8 304.8 -234.772 135875
0.0028 -22656.2 96009.9 -95450.3 333.495 -268.237 135383
0.00281 -22558.6 96008.8 -94762 140.603 -128.046 134898
0.00282 -22460.9 96007.9 -94079.6 -22.2756 3.7755 134419
0.00283 -22363.3 96006.9 -93403 55.8308 -34.3574 133946
0.00284 -22265.6 96005.9 -92732.2 303.894 -202.607 133478
0.00285 -22168 96005 -92067 455.683 -315.898 133016
0.00286 -22070.3 96004.1 -91407.3 353.361 -257.061 132560
0.00287 -21972.7 96003.1 -90753.1 112.415 -95.9596 132109
0.00288 -21875 96002.3 -90104.1 -30.5706 9.22498 131663
0.00289 -21777.3 96001.4 -89460.4 10.8063 -6.00081 131223
0.0029 -21679.7 96000.5 -88821.7 105.331 -62.9038 130788
0.00291 -21582 95999.7 -88188.1 98.8888 -61.4578 130358
0.00292 -21484.4 95998.8 -87559.5 9.27064 -6.08785 129932
0.00293 -21386.7 95998 -86935.7 -24.9782 20.3484 129512
0.00294 -21289.1 95997.2 -86316.7 36.456 -12.118 129097
0.00295 -21191.4 95996.4 -85702.3 49.311 -24.4823 128686
0.00296 -21093.7 95995.7 -85092.6 -132.114 70.2141 128281
0.00297 -20996.1 95994.9 -84487.3 -418.322 231.826 127879
0.00298 -20898.4 95994.1 -83886.6 -510.049 301.544 127483
0.00299 -20800.8 95993.4 -83290.2 -204.034 164.183 127090
0.003 -20703.1 95992.7 -82698 352.032 -114.187 126703
0.00301 -20605.5 95991.9 -82110.2 761.027 -334.182 126319
0.00302 -20507.8 95991.2 -81526.4 748.686 -351.098 125940
0.00303 -20410.2 95990.5 -80946.8 412.144 -202.225 125565
0.00304 -20312.5 95989.8 -80371.2 85.7758 -45.5065 125194
0.00305 -20214.8 95989.2 -79799.5 -9.73572 8.3455 124827
0.00306 -20117.2 95988.5 -79231.8 54.6715 -16.3205 124465
0.00307 -20019.5 95987.9 -78667.8 76.0121 -29.1284 124106
0.00308 -19921.9 95987.2 -78107.7 -13.039 5.33536 123751
0.00309 -19824.2 95986.6 -77551.2 -94.5655 40.7003 123400
0.0031 -19726.6 95985.9 -76998.4 -64.7455 30.7122 123053
0.00311 -19628.9 95985.3 -76449.2 -1.23115 1.3885 122710
0.00312 -19531.2 95984.7 -75903.5 -71.2298 18.7727 122370
0.00313 -19433.6 95984.1 -75361.3 -295.174 97.0105 122034
0.00314 -19335.9 95983.5 -74822.5 -478.389 168.269 121701
0.00315 -19238.3 95982.9 -74287.1 -422.865 157.687 121373
0.00316 -19140.6 95982.3 -73755 -175.383 74.1229 121047
0.00317 -19043 95981.8 -73226.2 -0.768038 5.25442 120725
0.00318 -18945.3 95981.2 -72700.6 -88.5526 19.7991 120407
0.00319 -18847.7 95980.7 -72178.2 -329.942 90.8388 120092
0.0032 -18750 95980.1 -71658.9 -436.321 129.261 119780
0.00321 -18652.3 95979.6 -71142.7 -274.374 87.1985 119471
0.00322 -18554.7 95979 -70629.6 -31.6256 11.8813 119166
0.00323 -18457 95978.5 -70119.4 -14.6223 -9.05231 118864
0.00324 -18359.4 95978 -69612.2 -304.761 55.0813 118565
0.00325 -18261.7 95977.5 -69107.9 -660.15 147.223 118269
0.00326 -18164.1 95977 -68606.4 -767.343 185.994 117976
0.00327 -18066.4 95976.5 -68107.8 -551.65 146.08 117687
0.00328 -17968.7 95976 -67612 -207.97 69.5417 117400
0.00329 -17871.1 95975.5 -67118.8 45.9196 8.76557 117116
0.0033 -17773.4 95975 -66628.4 180.144 -24.5228 116836
0.00331 -17675.8 95974.5 -66140.7 294.193 -50.4688 116558
0.00332 -17578.1 95974.1 -65655.6 407.655 -77.391 116283
0.00333 -17480.5 95973.6 -65173 399.796 -85.414 116011
0.00334 -17382.8 95973.1 -64693.1 188.557 -56.6877 115741
0.00335 -17285.2 95972.7 -64215.6 -89.5355 -8.90107 115475
0.00336 -17187.5 95972.2 -63740.6 -164.495 14.8647 115211
0.00337 -17089.8 95971.8 -63268.1 74.0766 -8.94274 114950
0.00338 -16992.2 95971.4 -62798 414.147 -57.299 114691
0.00339 -16894.5 95970.9 -62330.2 507.699 -83.3353 114435
0.0034 -16796.9 95970.5 -61864.8 227.057 -63.2579 114182
0.00341 -16699.2 95970.1 -61401.7 -198.554 -16.5533 113932
0.00342 -16601.6 95969.6 -60940.9 -420.042 18.3757 113684
0.00343 -16503.9 95969.2 -60482.4 -316.736 22.2746 113438
0.00344 -16406.2 95968.8 -60026.1 -78.0209 6.83998 113195
0.00345 -16308.6 95968.4 -59571.9 46.0044 -5.34575 112955
0.00346 -16210.9 95968 -59119.9 17.9723 -4.99747 112717
0.00347 -16113.3 95967.6 -58670.1 3.69779 0.355194 112481
0.00348 -16015.6 95967.2 -58222.4 124.891 0.450113 112248
0.00349 -15918 95966.8 -57776.7 294.08 -5.92497 112017
0.0035 -15820.3 95966.5 -57333.1 328.626 -12.3429 111788
0.00351 -15722.7 95966.1 -56891.5 186.915 -13.0485 111562
0.00352 -15625 95965.7 -56451.9 23.6518 -7.74311 111338
0.00353 -15527.3 95965.3 -56014.3 -4.35511 -0.534695 111117
0.00354 -15429.7 95965 -55578.6 66.9225 3.45862 110898
0.00355 -15332 95964.6 -55144.8 65.6474 1.97111 110680
0.00356 -15234.4 95964.3 -54712.9 -72.0203 -0.877545 110466
0.00357 -15136.7 95963.9 -54282.9 -181.376 4.55254 110253
0.00358 -15039.1 95963.5 -53854.7 -44.6497 24.6197 110042
0.00359 -14941.4 95963.2 -53428.4 328.807 51.8042 109834
0.0036 -14843.7 95962.9 -53003.8 657.739 66.1383 109628
0.00361 -14746.1 95962.5 -52581 660.47 53.1103 109424
0.00362 -14648.4 95962.2 -52160 352.715 21.7824 109222
0.00363 -14550.8 95961.8 -51740.6 37.8872 0.666424 109022
0.00364 -14453.1 95961.5 -51323 -2.87904 10.7688 108824
0.00365 -14355.5 95961.2 -50907.1 218.606 43.1982 108628
0.00366 -14257.8 95960.9 -50492.8 448.474 67.4285 108434
0.00367 -14160.2 95960.5 -50080.1 476.036 62.475 108243
0.00368 -14062.5 95960.2 -49669.1 319.992 35.6254 108053
0.00369 -13964.8 95959.9 -49259.6 132.851 7.64856 107865
0.0037 -13867.2 95959.6 -48851.8 -14.3149 -15.1638 107679
0.00371 -13769.5 95959.3 -48445.4 -184.975 -44.682 107495
0.00372 -13671.9 95959 -48040.7 -420.008 -84.5244 107313
0.00373 -13574.2 95958.7 -47637.4 -603.031 -110.199 107133
0.00374 -13476.6 95958.4 -47235.6 -554.268 -89.2734 106954
0.00375 -13378.9 95958.1 -46835.3 -259.114 -24.2366 106778
0.00376 -13281.2 95957.8 -46436.5 57.3158 35.764 106603
0.00377 -13183.6 95957.5 -46039.1 133.978 38.682 106430
0.00378 -13085.9 95957.2 -45643.1 -55.4708 -14.0591 106259
0.00379 -12988.3 95956.9 -45248.5 -275.983 -64.9021 106090
0.0038 -12890.6 95956.6 -44855.3 -289.367 -61.08 105923
0.00381 -12793 95956.4 -44463.4 -110.113 -13.5375 105757
0.00382 -12695.3 95956.1 -44072.9 27.7549 14.9802 105594
0.00383 -12597.7 95955.8 -43683.8 -52.6053 -17.8228 105431
0.00384 -12500 95955.5 -43295.9 -271.47 -83.4011 105271
0.00385 -12402.3 95955.3 -42909.4 -392.025 -113.207 105112
0.00386 -12304.7 95955 -42524.1 -290.431 -75.937 104956
0.00387 -12207 95954.7 -42140.1 -81.0769 -11.3972 104800
0.00388 -12109.4 95954.5 -41757.3 33.0144 17.5542 104647
0.00389 -12011.7 95954.2 -41375.7 -9.6504 -3.78068 104495
0.0039 -11914.1 95953.9 -40995.4 -89.484 -32.4695 104345
0.00391 -11816.4 95953.7 -40616.3 -80.8869 -27.8131 104196
0.00392 -11718.7 95953.4 -40238.3 -7.21848 -2.25379 104049
0.00393 -11621.1 95953.2 -39861.5 16.3173 2.19298 103904
0.00394 -11523.4 95952.9 -39485.9 -35.612 -19.7257 103760
0.00395 -11425.8 95952.7 -39111.4 -41.781 -18.7066 103618
0.00396 -11328.1 95952.4 -38738.1 106.791 44.9258 103477
0.00397 -11230.5 95952.2 -38365.8 325.436 130.401 103338
0.00398 -11132.8 95952 -37994.6 376.076 136.619 103201
0.00399 -11035.2 95951.7 -37624.5 116.368 8.2066 103065
0.004 -10937.5 95951.5 -37255.5 -317.012 -187.772 102930
0.00401 -10839.8 95951.2 -36887.5 -612.179 -310.352 102798
0.00402 -10742.2 95951 -36520.6 -575.907 -277.085 102666
0.00403 -10644.5 95950.8 -36154.7 -304.946 -140.165 102536
0.00404 -10546.9 95950.5 -35789.8 -59.83 -24.7897 102408
0.00405 -10449.2 95950.3 -35425.9 4.35969 -0.839715 102281
0.00406 -10351.6 95950.1 -35062.9 -45.8378 -29.4064 102156
0.00407 -10253.9 95949.9 -34701 -58.0643 -33.088 102032
0.00408 -10156.2 95949.7 -34340 9.54323 5.19758 101910
0.00409 -10058.6 95949.4 -33979.9 66.5239 34.6614 101789
0.0041 -9960.94 95949.2 -33620.8 42.6506 19.8246 101669
0.00411 -9863.28 95949 -33262.5 0.21507 -0.612747 101551
0.00412 -9765.62 95948.8 -32905.2 55.912 39.0985 101434
0.00413 -9667.97 95948.6 -32548.8 214.087 136.353 101319
0.00414 -9570.31 95948.4 -32193.3 332.982 203.704 101205
0.00415 -9472.66 95948.2 -31838.6 282.634 165.418 101093
0.00416 -9375 95947.9 -31484.8 108.835 55.8923 100982
0.00417 -9277.34 95947.7 -31131.9 -3.03241 -6.21637 100872
0.00418 -9179.69 95947.5 -30779.7 65.2784 49.9227 100764
0.00419 -9082.03 95947.3 -30428.4 227.095 160.962 100657
0.0042 -8984.37 95947.1 -30077.9 288.594 197.148 100551
0.00421 -8886.72 95946.9 -29728.2 174.061 113.62 100447
0.00422 -8789.06 95946.7 -29379.3 18.4207 10.2844 100344
0.00423 -8691.41 95946.5 -29031.2 18.3783 24.9709 100242
0.00424 -8593.75 95946.3 -28683.8 211.303 177.065 100142
0.00425 -8496.09 95946.1 -28337.2 430.794 338.737 100043
0.00426 -8398.44 95946 -27991.3 481.737 365.898 99945.7
0.00427 -8300.78 95945.8 -27646.1 331.713 240.137 99849.4
0.00428 -8203.12 95945.6 -27301.7 113.098 67.2588 99754.4
0.00429 -8105.47 95945.4 -26958 -40.3985 -50.2522 99660.7
0.0043 -8007.81 95945.2 -26614.9 -117.515 -108.049 99568.3
0.00431 -7910.16 95945 -26272.6 -181.775 -158.235 99477.1
0.00432 -7812.5 95944.8 -25931 -242.545 -204.197 99387.3
0.00433 -7714.84 95944.7 -25590 -227.468 -181.79 99298.7
0.00434 -7617.19 95944.5 -25249.6 -94.9771 -58.2837 99211.3
0.00435 -7519.53 95944.3 -24910 66.479 82.9884 99125.2
0.00436 -7421.87 95944.1 -24570.9 100.902 101.935 99040.4
0.00437 -7324.22 95943.9 -24232.5 -43.2589 -41.6431 98956.8
0.00438 -7226.56 95943.8 -23894.7 -233.074 -217.069 98874.5
0.00439 -7128.91 95943.6 -23557.5 -272.736 -239.708 98793.4
0.0044 -7031.25 95943.4 -23220.9 -104.566 -62.1764 98713.5
0.00441 -6933.59 95943.3 -22884.9 130.973 170.752 98634.8
0.00442 -6835.94 95943.1 -22549.5 241.927 268.99 98557.4
0.00443 -6738.28 95942.9 -22214.6 174.414 185.644 98481.1
0.00444 -6640.62 95942.8 -21880.3 41.4338 42.6447 98406.1
0.00445 -6542.97 95942.6 -21546.6 -23.2748 -22.4197 98332.3
0.00446 -6445.31 95942.4 -21213.3 -7.38576 -3.56469 98259.6
0.00447 -6347.66 95942.3 -20880.7 -2.21026 -3.0754 98188.2
0.00448 -6250 95942.1 -20548.5 -67.3875 -82.6478 98117.9
0.00449 -6152.34 95941.9 -20216.9 -152.257 -179.332 98048.9
0.0045 -6054.69 95941.8 -19885.7 -164.207 -186.752 97981
0.00451 -5957.03 95941.6 -19555.1 -88.7955 -93.4231 97914.2
0.00452 -5859.37 95941.5 -19224.9 -8.18107 -0.659333 97848.7
0.00453 -5761.72 95941.3 -18895.2 2.37772 3.58127 97784.3
0.00454 -5664.06 95941.2 -18566 -33.7204 -45.7555 97721
0.00455 -5566.41 95941 -18237.2 -31.8419 -41.5754 97659
0.00456 -5468.75 95940.9 -17908.9 33.7422 42.4377 97598
0.00457 -5371.09 95940.7 -17581 80.6369 92.2932 97538.3
0.00458 -5273.44 95940.6 -17253.6 10.104 -21.3061 97479.6
0.00459 -5175.78 95940.4 -16926.6 -164.311 -270.839 97422.1
0.0046 -5078.12 95940.3 -16600 -308.198 -464.508 97365.8
0.00461 -4980.47 95940.1 -16273.8 -298.799 -433.739 97310.5
0.00462 -4882.81 95940 -15948 -154.297 -214.963 97256.4
0.00463 -4785.16 95939.8 -15622.5 -15.7066 -19.4468 97203.5
0.00464 -4687.5 95939.7 -15297.5 -2.34629 -19.1812 97151.6
0.00465 -4589.84 95939.5 -14972.8 -99.823 -181.86 97100.9
0.00466 -4492.19 95939.4 -14648.6 -194.368 -327.07 97051.3
0.00467 -4394.53 95939.3 -14324.6 -199.774 -323.741 97002.8
0.00468 -4296.87 95939.1 -14001 -130.055 -201.223 96955.4
0.00469 -4199.22 95939 -13677.8 -51.1724 -67.919 96909.1
0.0047 -4101.56 95938.8 -13354.8 8.94269 35.1403 96863.9
0.00471 -4003.91 95938.7 -13032.2 76.8255 156.273 96819.8
0.00472 -3906.25 95938.6 -12709.9 167.207 316.257 96776.8
0.00473 -3808.59 95938.4 -12388 233.173 424.217 96734.9
0.00474 -3710.94 95938.3 -12066.3 208.06 358.768 96694.1
0.00475 -3613.28 95938.2 -11744.9 92.4749 129.446 96654.4
0.00476 -3515.62 95938 -11423.8 -25.0432 -88.4076 96615.8
0.00477 -3417.97 95937.9 -11102.9 -50.2279 -115.394 96578.2
0.00478 -3320.31 95937.8 -10782.4 20.1057 43.1192 96541.8
0.00479 -3222.66 95937.7 -10462.1 97.4973 200.631 96506.4
0.0048 -3125 95937.5 -10142 99.6198 192.312 96472.1
0.00481 -3027.34 95937.4 -9822.18 36.4001 52.0384 96438.9
0.00482 -2929.69 95937.3 -9502.6 -9.90145 -36.1042 96406.7
0.00483 -2832.03 95937.2 -9183.25 17.6061 46.324 96375.7
0.00484 -2734.37 95937 -8864.11 88.559 217.837 96345.7
0.00485 -2636.72 95936.9 -8545.18 125.184 294.261 96316.7
0.00486 -2539.06 95936.8 -8226.46 90.9409 197.631 96288.8
0.00487 -2441.41 95936.7 -7907.94 24.9866 33.9851 96262
0.00488 -2343.75 95936.5 -7589.6 -9.85174 -39.7113 96236.3
0.00489 -2246.09 95936.4 -7271.44 2.83882 8.70826 96211.6
0.0049 -2148.44 95936.3 -6953.46 25.8755 74.128 96188
0.00491 -2050.78 95936.2 -6635.64 23.0272 62.6447 96165.4
0.00492 -1953.12 95936.1 -6317.98 2.03591 5.01306 96143.9
0.00493 -1855.47 95936 -6000.48 -4.80277 -5.12924 96123.4
0.00494 -1757.81 95935.9 -5683.11 8.80388 41.3021 96104
0.00495 -1660.16 95935.7 -5365.88 10.566 38.7071 96085.7
0.00496 -1562.5 95935.6 -5048.77 -26.8085 -91.3418 96068.4
0.00497 -1464.84 95935.5 -4731.79 -81.0983 -259.884 96052.1
0.00498 -1367.19 95935.4 -4414.92 -94.4821 -265.475 96036.9
0.00499 -1269.53 95935.3 -4098.15 -35.1681 -10.3462 96022.8
0.005 -1171.87 95935.2 -3781.49 62.8853 362.703 96009.7
0.00501 -1074.22 95935.1 -3464.91 128.819 583.229 95997.6
0.00502 -976.562 95935 -3148.41 121.848 508.753 95986.6
0.00503 -878.906 95934.9 -2831.99 64.8718 250.954 95976.7
0.00504 -781.25 95934.8 -2515.64 13.2282 42.7019 95967.7
0.00505 -683.594 95934.7 -2199.35 -1.68853 2.37129 95959.9
0.00506 -585.937 95934.6 -1883.11 6.85968 52.4718 95953
0.00507 -488.281 95934.5 -1566.91 9.65895 56.9768 95947.2
0.00508 -390.625 95934.4 -1250.75 -1.62702 -8.71066 95942.5
0.00509 -292.969 95934.3 -934.628 -11.6516 -56.3849 95938.8
0.0051 -195.312 95934.2 -618.525 -8.20418 -30.5489 95936.1
0.00511 -97.6562 95934.1 -302.438 -0.303669 1.29395 95934.5
0.00512 7.24754e-12 95934 13.6419 -5.57659 -64.6522 95934
0.00513 97.6563 95933.9 329.721 -25.7331 -216.712 95934.4
0.00514 195.313 95933.8 645.806 -42.4395 -314.21 95935.9
0.00515 292.969 95933.7 961.905 -38.5323 -246.59 95938.5
0.00516 390.625 95933.6 1278.03 -18.0992 -77.3672 95942.1
0.00517 488.281 95933.5 1594.18 -1.62284 11.4123 95946.7
0.00518 585.938 95933.4 1910.36 -3.10981 -76.7842 95952.4
0.00519 683.594 95933.3 2226.59 -16.2309 -237.522 95959.1
0.0052 781.25 95933.2 2542.87 -23.6928 -281.736 95966.9
0.00521 878.906 95933.1 2859.21 -16.7449 -156.22 95975.7
0.00522 976.563 95933 3175.62 -2.67553 -12.7662 95985.6
0.00523 1074.22 95932.9 3492.1 5.26423 -41.2435 95996.5
0.00524 1171.88 95932.8 3808.66 1.59356 -254.243 96008.4
0.00525 1269.53 95932.8 4125.31 -8.43772 -466.364 96021.4
0.00526 1367.19 95932.7 4442.06 -16.3787 -486.979 96035.5
0.00527 1464.84 95932.6 4758.91 -18.154 -306.008 96050.5
0.00528 1562.5 95932.5 5075.87 -15.1076 -74.0508 96066.7
0.00529 1660.16 95932.4 5392.94 -10.7659 75.8932 96083.9
0.0053 1757.81 95932.3 5710.15 -7.84122 145.326 96102.1
0.00531 1855.47 95932.2 6027.49 -6.56966 204.072 96121.4
0.00532 1953.13 95932.2 6344.97 -4.20497 254.162 96141.8
0.00533 2050.78 95932.1 6662.6 2.72785 215.45 96163.2
0.00534 2148.44 95932 6980.38 13.3077 55.1352 96185.6
0.00535 2246.09 95931.9 7298.33 19.6793 -115.752 96209.1
0.00536 2343.75 95931.8 7616.45 13.2131 -128.807 96233.7
0.00537 2441.41 95931.8 7934.75 -4.17624 50.4736 96259.4
0.00538 2539.06 95931.7 8253.23 -16.8965 253.513 96286.1
0.00539 2636.72 95931.6 8571.92 -8.65743 264.808 96313.8
0.0054 2734.38 95931.5 8890.8 19.2929 45.6742 96342.6
0.00541 2832.03 95931.5 9209.89 45.6747 -221.487 96372.5
0.00542 2929.69 95931.4 9529.2 48.7381 -320.151 96403.5
0.00543 3027.34 95931.3 9848.74 28.3654 -212.029 96435.5
0.00544 3125 95931.2 10168.5 5.47615 -46.8518 96468.7
0.00545 3222.66 95931.2 10488.5 -1.76636 23.1095 96502.8
0.00546 3320.31 95931.1 10808.8 2.35238 1.0131 96538.1
0.00547 3417.97 95931 11129.3 -0.923929 3.72874 96574.4
0.00548 3515.63 95931 11450.1 -18.8548 92.8487 96611.9
0.00549 3613.28 95930.9 11771.1 -35.8883 193.413 96650.4
0.0055 3710.94 95930.8 12092.5 -32.3795 193.387 96690
0.00551 3808.59 95930.8 12414.1 -10.5931 89.8206 96730.7
0.00552 3906.25 95930.7 12736 5.94369 -5.09163 96772.4
0.00553 4003.91 95930.6 13058.2 1.1954 -4.07417 96815.3
0.00554 4101.56 95930.6 13380.8 -12.4079 48.6031 96859.3
0.00555 4199.22 95930.5 13703.6 -10.1075 42.4123 96904.3
0.00556 4296.88 95930.4 14026.8 9.0619 -41.4777 96950.5
0.00557 4394.53 95930.4 14350.3 12.8843 -82.5965 96997.8
0.00558 4492.19 95930.3 14674.2 -28.3287 41.6961 97046.2
0.00559 4589.84 95930.3 14998.4 -99.2996 289.946 97095.7
0.0056 4687.5 95930.2 15323 -144.421 467.17 97146.3
0.00561 4785.16 95930.1 15648 -122.499 419.03 97198
0.00562 4882.81 95930.1 15973.3 -53.6205 198.473 97250.8
0.00563 4980.47 95930 16299 -3.03584 16.127 97304.8
0.00564 5078.13 95930 16625.1 -15.7821 26.5872 97359.9
0.00565 5175.78 95929.9 16951.6 -72.4808 183.607 97416.1
0.00566 5273.44 95929.9 17278.6 -113.764 311.756 97473.5
0.00567 5371.09 95929.8 17605.9 -103.14 296.443 97532
0.00568 5468.75 95929.7 17933.7 -56.6419 175.57 97591.7
0.00569 5566.41 95929.7 18261.9 -10.8598 51.7449 97652.5
0.0057 5664.06 95929.6 18590.6 24.3145 -41.355 97714.4
0.00571 5761.72 95929.6 18919.7 67.104 -149.026 97777.5
0.00572 5859.38 95929.5 19249.3 120.917 -285.882 97841.8
0.00573 5957.03 95929.5 19579.4 149.332 -368.351 97907.2
0.00574 6054.69 95929.4 19909.9 111.18 -295.774 97973.8
0.00575 6152.34 95929.4 20241 18.6943 -89.1089 98041.6
0.00576 6250 95929.4 20572.5 -57.1087 93.0978 98110.5
0.00577 6347.66 95929.3 20904.6 -52.9871 104.05 98180.6
0.00578 6445.31 95929.3 21237.1 17.8849 -36.9765 98251.9
0.00579 6542.97 95929.2 21570.2 76.8491 -165.218 98324.4
0.0058 6640.63 95929.2 21903.9 64.3688 -149.707 98398.1
0.00581 6738.28 95929.1 22238.1 4.91175 -31.2291 98473
0.00582 6835.94 95929.1 22572.8 -22.8122 34.7913 98549.1
0.00583 6933.59 95929.1 22908.1 22.6044 -39.5181 98626.4
0.00584 7031.25 95929 23244 97.0331 -177.209 98704.9
0.00585 7128.91 95929 23580.4 121.206 -229.765 98784.6
0.00586 7226.56 95928.9 23917.5 70.3143 -145.092 98865.6
0.00587 7324.22 95928.9 24255.2 -1.14419 -16.0952 98947.8
0.00588 7421.88 95928.9 24593.5 -25.124 35.4192 99031.2
0.00589 7519.53 95928.8 24932.4 4.49196 -7.02921 99115.9
0.0059 7617.19 95928.8 25271.9 35.1779 -57.1853 99201.8
0.00591 7714.84 95928.8 25612.1 27.4881 -46.3535 99289
0.00592 7812.5 95928.7 25952.9 1.86843 -3.46423 99377.5
0.00593 7910.16 95928.7 26294.4 2.18192 1.08063 99467.2
0.00594 8007.81 95928.7 26636.6 26.495 -34.3094 99558.1
0.00595 8105.47 95928.6 26979.5 21.0135 -29.5544 99650.4
0.00596 8203.13 95928.6 27323.1 -45.8839 66.7754 99743.9
0.00597 8300.78 95928.6 27667.3 -120.546 182.065 99838.7
0.00598 8398.44 95928.6 28012.3 -102.132 172.203 99934.9
0.00599 8496.09 95928.5 28358 46.1555 -20.3513 100032
0.006 8593.75 95928.5 28704.5 237.57 -281.559 100131
0.00601 8691.41 95928.5 29051.7 332.002 -420.928 100231
0.00602 8789.06 95928.5 29399.7 269.097 -352.079 100333
0.00603 8886.72 95928.5 29748.4 122.245 -166.239 100435
0.00604 8984.38 95928.4 30097.9 16.6716 -25.8987 100539
0.00605 9082.03 95928.4 30448.2 4.98996 -3.39717 100645
0.00606 9179.69 95928.4 30799.4 35.2317 -38.1235 100751
0.00607 9277.34 95928.4 31151.3 33.9025 -38.8232 100860
0.00608 9375 95928.4 31504.1 -4.8301 5.69824 100969
0.00609 9472.66 95928.4 31857.7 -28.6784 35.2586 101080
0.0061 9570.31 95928.3 32212.2 -11.8351 17.2276 101192
0.00611 9667.97 95928.3 32567.5 1.64736 -1.22015 101306
0.00612 9765.63 95928.3 32923.7 -44.5993 43.9734 101421
0.00613 9863.28 95928.3 33280.8 -134.43 139.18 101537
0.00614 9960.94 95928.3 33638.8 -181.977 193.933 101655
0.00615 10058.6 95928.3 33997.7 -130.264 145.253 101775
0.00616 10156.3 95928.3 34357.6 -28.7261 40.2362 101895
0.00617 10253.9 95928.3 34718.3 12.1386 -8.91426 102018
0.00618 10351.6 95928.3 35080.1 -54.4872 48.8472 102141
0.00619 10449.2 95928.3 35442.8 -153.256 143.463 102266
0.0062 10546.9 95928.3 35806.4 -169.882 163.679 102393
0.00621 10644.5 95928.3 36171.1 -85.2765 86.462 102521
0.00622 10742.2 95928.3 36536.8 -4.25555 6.04363 102651
0.00623 10839.8 95928.3 36903.5 -40.441 28.3017 102782
0.00624 10937.5 95928.3 37271.2 -185.713 150.997 102914
0.00625 11035.2 95928.3 37640 -312.399 264.166 103049
0.00626 11132.8 95928.3 38009.8 -304.875 265.531 103184
0.00627 11230.5 95928.3 38380.7 -171.717 158.648 103321
0.00628 11328.1 95928.3 38752.7 -18.8074 31.1681 103460
0.00629 11425.8 95928.3 39125.8 71.6625 -46.7603 103601
0.0063 11523.4 95928.3 39500 109.309 -80.3463 103742
0.00631 11621.1 95928.3 39875.4 141.688 -108.021 103886
0.00632 11718.8 95928.3 40251.9 164.8 -129.608 104031
0.00633 11816.4 95928.3 40629.5 123.583 -104.26 104178
0.00634 11914.1 95928.4 41008.4 4.34905 -19.5458 104326
0.00635 12011.7 95928.4 41388.4 -107.707 64.5699 104476
0.00636 12109.4 95928.4 41769.6 -99.78 66.0306 104628
0.00637 12207 95928.4 42152.1 36.2727 -24.8569 104781
0.00638 12304.7 95928.4 42535.8 169.868 -120.385 104936
0.00639 12402.3 95928.5 42920.7 154.238 -119.13 105093
0.0064 12500 95928.5 43307 -19.0603 -11.0344 105251
0.00641 12597.7 95928.5 43694.5 -205.859 112.038 105411
0.00642 12695.3 95928.5 44083.3 -255.44 151.38 105573
0.00643 12793 95928.6 44473.5 -157.534 96.6158 105736
0.00644 12890.6 95928.6 44865 -32.374 20.6104 105902
0.00645 12988.3 95928.6 45257.8 13.5531 -9.62237 106069
0.00646 13085.9 95928.7 45652 -4.81068 0.428915 106238
0.00647 13183.6 95928.7 46047.7 3.49157 -1.70562 106408
0.00648 13281.3 95928.7 46444.7 76.3081 -40.2195 106581
0.00649 13378.9 95928.8 46843.2 148.424 -80.9898 106755
0.0065 13476.6 95928.8 47243.1 137.525 -78.3154 106931
0.00651 13574.2 95928.9 47644.5 52.4271 -34.4624 107109
0.00652 13671.9 95928.9 48047.3 -14.9742 3.25514 107289
0.00653 13769.5 95929 48451.7 -3.86595 1.67438 107471
0.00654 13867.2 95929 48857.6 41.1492 -19.1177 107654
0.00655 13964.8 95929 49265 33.589 -16.18 107840
0.00656 14062.5 95929.1 49674.1 -30.2947 15.3453 108027
0.00657 14160.2 95929.2 50084.7 -47.1426 29.0972 108217
0.00658 14257.8 95929.2 50496.9 73.1825 -17.7077 108408
0.00659 14355.5 95929.3 50910.7 279.958 -105.961 108602
0.0066 14453.1 95929.3 51326.2 407.513 -164.944 108797
0.00661 14550.8 95929.4 51743.3 342.253 -144.04 108995
0.00662 14648.4 95929.4 52162.2 148.565 -66.4611 109194
0.00663 14746.1 95929.5 52582.7 8.73635 -5.21304 109396
0.00664 14843.8 95929.6 53005 38.9124 -8.96613 109599
0.00665 14941.4 95929.6 53429.1 180.962 -58.7706 109805
0.00666 15039.1 95929.7 53854.9 280.252 -97.2896 110013
0.00667 15136.7 95929.8 54282.6 249.576 -90.5088 110223
0.00668 15234.4 95929.9 54712.1 134.363 -52.6125 110435
0.00669 15332 95929.9 55143.4 25.0941 -15.4646 110650
0.0067 15429.7 95930 55576.6 -55.7141 11.3 110866
0.00671 15527.3 95930.1 56011.8 -150.305 40.8748 111085
0.00672 15625 95930.2 56448.8 -264.929 77.2035 111306
0.00673 15722.7 95930.3 56887.8 -319.519 97.9871 111530
0.00674 15820.3 95930.4 57328.8 -230.756 78.2242 111755
0.00675 15918 95930.5 57771.8 -33.3872 25.3474 111983
0.00676 16015.6 95930.6 58216.9 120.642 -20.1552 112214
0.00677 16113.3 95930.6 58664 107.621 -23.6695 112446
0.00678 16210.9 95930.7 59113.1 -35.3398 8.3831 112681
0.00679 16308.6 95930.8 59564.5 -147.609 37.282 112919
0.0068 16406.3 95931 60017.9 -118.637 34.3572 113159
0.00681 16503.9 95931.1 60473.6 -4.39555 9.21277 113401
0.00682 16601.6 95931.2 60931.4 44.4128 -5.62981 113646
0.00683 16699.2 95931.3 61391.5 -41.9983 7.08079 113893
0.00684 16796.9 95931.4 61853.9 -174.77 32.202 114143
0.00685 16894.5 95931.5 62318.5 -211.366 42.2853 114396
0.00686 16992.2 95931.6 62785.5 -116.223 28.3173 114651
0.00687 17089.8 95931.8 63254.9 7.97963 6.29454 114909
0.00688 17187.5 95931.9 63726.6 45.1995 -3.78344 115169
0.00689 17285.2 95932 64200.8 -7.69003 0.905631 115433
0.0069 17382.8 95932.2 64677.4 -58.2393 7.70223 115699
0.00691 17480.5 95932.3 65156.6 -43.8959 6.53476 115967
0.00692 17578.1 95932.4 65638.3 -2.7857 0.562165 116239
0.00693 17675.8 95932.6 66122.5 -5.41483 -1.43934 116513
0.00694 17773.4 95932.7 66609.4 -44.2088 1.71657 116790
0.00695 17871.1 95932.9 67098.9 -33.3454 2.2428 117070
0.00696 17968.8 95933 67591.1 70.2878 -5.68959 117353
0.00697 18066.4 95933.2 68086 177.442 -17.5309 117639
0.00698 18164.1 95933.4 68583.6 137.574 -22.7733 117928
0.00699 18261.7 95933.5 69084.1 -91.5235 -16.1968 118220
0.007 18359.4 95933.7 69587.4 -369.055 -2.73002 118514
0.00701 18457 95933.9 70093.6 -490.751 8.28246 118813
0.00702 18554.7 95934.1 70602.7 -383.438 11.5392 119114
0.00703 18652.3 95934.2 71114.8 -166.696 8.28146 119418
0.00704 18750 95934.4 71629.9 -20.2147 2.7888 119726
0.00705 18847.7 95934.6 72148 -8.65003 -1.43799 120037
0.00706 18945.3 95934.8 72669.3 -51.137 -2.80031 120351
0.00707 19043 95935 73193.7 -46.8707 -1.57438 120668
0.00708 19140.6 95935.2 73721.3 6.42898 0.132077 120989
0.00709 19238.3 95935.4 74252.1 36.3616 -0.0511723 121314
0.0071 19335.9 95935.6 74786.3 12.7549 -1.61098 121641
0.00711 19433.6 95935.9 75323.8 -2.57702 -0.472725 121973
0.00712 19531.3 95936.1 75864.7 60.6752 6.26222 122308
0.00713 19628.9 95936.3 76409 174.407 14.7132 122646
0.00714 19726.6 95936.6 76956.8 227.018 16.1627 122989
0.00715 19824.2 95936.8 77508.2 153.96 7.09048 123334
0.00716 19921.9 95937 78063.2 26.6299 -4.01082 123684
0.00717 20019.5 95937.3 78621.9 -17.4134 -3.72748 124038
0.00718 20117.2 95937.6 79184.4 69.6703 10.6451 124395
0.00719 20214.8 95937.8 79750.6 187.096 25.3833 124757
0.0072 20312.5 95938.1 80320.6 199.156 24.3138 125122
0.00721 20410.2 95938.4 80894.6 94.0906 8.71561 125491
0.00722 20507.8 95938.7 81472.6 3.0773 -0.896186 125865
0.00723 20605.5 95938.9 82054.6 53.7197 13.5642 126243
0.00724 20703.1 95939.2 82640.7 223.698 45.5537 126625
0.00725 20800.8 95939.5 83231 359.652 67.5289 127011
0.00726 20898.4 95939.9 83825.5 336.542 58.3662 127402
0.00727 20996.1 95940.2 84424.4 176.934 24.4304 127797
0.00728 21093.8 95940.5 85027.7 5.97325 -9.25132 128196
0.00729 21191.4 95940.8 85635.4 -88.7169 -26.2837 128600
0.0073 21289.1 95941.2 86247.7 -124.267 -31.8045 129009
0.00731 21386.7 95941.5 86864.6 -154.089 -37.1205 129423
0.00732 21484.4 95941.9 87486.3 -171.547 -38.6743 129841
0.00733 21582 95942.2 88112.7 -118.802 -21.6055 130264
0.00734 21679.7 95942.6 88744 11.7152 14.5382 130692
0.00735 21777.3 95943 89380.2 124.833 42.9656 131125
0.00736 21875 95943.4 90021.6 107.217 33.2293 131564
0.00737 21972.7 95943.8 90668 -37.3112 -11.0211 132007
0.00738 22070.3 95944.2 91319.7 -166.9 -46.4551 132456
0.00739 22168 95944.6 91976.8 -137.972 -30.7575 132910
0.0074 22265.6 95945.1 92639.3 43.4271 31.2577 133370
0.00741 22363.3 95945.5 93307.3 224.093 88.6858 133835
0.00742 22460.9 95946 93981 259.723 95.0316 134306
0.00743 22558.6 95946.4 94660.4 153.404 53.9239 134782
0.00744 22656.3 95946.9 95345.7 30.0375 9.98194 135265
0.00745 22753.9 95947.4 96036.9 -11.2245 -2.90915 135753
0.00746 22851.6 95947.9 96734.3 7.09335 4.53275 136248
0.00747 22949.2 95948.4 97437.9 -3.57811 -1.61315 136749
0.00748 23046.9 95949 98147.8 -73.4702 -31.1661 137256
0.00749 23144.5 95949.5 98864.2 -136.898 -56.0803 137770
0.0075 23242.2 95950.1 99587.2 -120.495 -46.6973 138290
0.00751 23339.8 95950.6 100317 -39.8312 -11.403 138816
0.00752 23437.5 95951.2 101054 18.3098 11.6983 139350
0.00753 23535.2 95951.8 101797 3.73547 1.90343 139891
0.00754 23632.8 95952.4 102548 -37.5311 -18.212 140439
0.00755 23730.5 95953.1 103306 -29.3488 -13.7993 140994
0.00756 23828.1 95953.7 104072 25.0528 11.1277 141556
0.00757 23925.8 95954.4 104845 32.296 9.50424 142126
0.00758 24023.4 95955.1 105626 -79.1999 -53.0402 142704
0.00759 24121.1 95955.8 106415 -255.303 -146.084 143289
0.0076 24218.8 95956.5 107213 -352.111 -193.498 143883
0.00761 24316.4 95957.2 108018 -283.242 -151.126 144485
0.00762 24414.1 95958 108833 -115.84 -58.1799 145095
0.00763 24511.7 95958.8 109656 -5.20506 -1.33119 145714
0.00764 24609.4 95959.6 110488 -38.2781 -27.4589 146341
0.00765 24707 95960.5 111329 -155.814 -99.6035 146978
0.00766 24804.7 95961.3 112180 -229.333 -141.645 147624
0.00767 24902.3 95962.2 113040 -195.522 -117.367 148279
0.00768 25000 95963.1 113910 -98.6199 -55.3926 148944
0.00769 25097.7 95964.1 114790 -11.7953 -0.743152 149619
0.0077 25195.3 95965 115681 50.475 39.209 150304
0.00771 25293 95966 116583 122.184 86.9128 151000
0.00772 25390.6 95967.1 117495 205.183 141.627 151706
0.00773 25488.3 95968.1 118419 236.742 158.835 152423
0.00774 25585.9 95969.2 119354 159.06 98.9541 153152
0.00775 25683.6 95970.4 120301 7.40707 -10.9453 153892
0.00776 25781.3 95971.5 121261 -101.366 -85.776 154644
0.00777 25878.9 95972.8 122233 -82.5498 -65.1533 155408
0.00778 25976.6 95974 123218 25.8774 19.8793 156185
0.00779 26074.2 95975.3 124216 103.304 77.0815 156974
0.0078 26171.9 95976.7 125228 76.5478 52.2588 157777
0.00781 26269.5 95978 126254 -5.46548 -13.1107 158594
0.00782 26367.2 95979.5 127295 -34.7347 -32.1368 159424
0.00783 26464.8 95981 128351 30.3651 26.542 160270
0.00784 26562.5 95982.5 129423 120.821 103.006 161130
0.00785 26660.2 95984.2 130511 139.484 115.321 162006
0.00786 26757.8 95985.8 131615 69.8825 51.8193 162898
0.00787 26855.5 95987.6 132737 -12.8283 -19.9241 163807
0.00788 26953.1 95989.4 133876 -32.954 -33.4285 164732
0.00789 27050.8 95991.3 135034 5.23252 5.06073 165676
0.0079 27148.4 95993.2 136211 37.9394 35.8349 166638
0.00791 27246.1 95995.3 137408 27.256 24.9016 167619
0.00792 27343.8 95997.4 138626 1.55117 1.23261 168620
0.00793 27441.4 95999.6 139865 5.29471 7.65017 169641
0.00794 27539.1 96001.9 141126 30.0466 33.5035 170684
0.00795 27636.7 96004.4 142411 21.3073 22.8027 171749
0.00796 27734.4 96006.9 143720 -43.044 -45.0127 172838
0.00797 27832 96009.6 145055 -103.391 -104.19 173950
0.00798 27929.7 96012.4 146415 -70.3046 -58.5942 175088
0.00799 28027.3 96015.4 147804 72.5556 106.724 176253
0.008 28125 96018.5 149222 233.524 287.04 177445
0.00801 28222.7 96021.7 150670 293.667 348.098 178666
0.00802 28320.3 96025.2 152150 220.087 254.9 179918
0.00803 28418 96028.8 153663 90.854 100.866 181201
0.00804 28515.6 96032.7 155212 9.3479 7.83253 182519
0.00805 28613.3 96036.7 156799 5.95161 9.258 183872
0.00806 28710.9 96041.1 158425 30.0511 40.8573 185263
0.00807 28808.6 96045.7 160093 26.1733 34.4329 186694
0.00808 28906.3 96050.6 161806 -3.44602 -4.42622 188167
0.00809 29003.9 96055.9 163566 -18.4665 -22.5696 189686
0.0081 29101.6 96061.6 165377 -5.20603 -3.92676 191252
0.00811 29199.2 96067.6 167242 1.5768 2.65 192870
0.00812 29296.9 96074.2 169165 -32.9932 -49.8302 194543
0.00813 29394.5 96081.3 171151 -90.4799 -132.53 196276
0.00814 29492.2 96088.9 173205 -113.128 -161.538 198073
0.00815 29589.8 96097.3 175332 -72.529 -97.5337 199940
0.00816 29687.5 96106.5 177539 -9.07579 -3.5867 201883
0.00817 29785.2 96116.5 179834 9.55781 17.619 203908
0.00818 29882.8 96127.7 182225 -34.8784 -58.838 206025
0.00819 29980.5 96140 184722 -89.6739 -146.905 208243
0.0082 30078.1 96153.8 187337 -91.7608 -146.191 210573
0.00821 30175.8 96169.4 190086 -40.9021 -60.4708 213028
0.00822 30273.4 96187.1 192984 -0.713133 1.04688 215626
0.00823 30371.1 96207.4 196053 -26.4732 -54.2309 218386
0.00824 30468.8 96231 199318 -102.414 -194.33 221333
0.00825 30566.4 96258.7 202813 -158.146 -291.536 224497
0.00826 30664.1 96291.7 206579 -142.413 -254.401 227919
0.00827 30761.7 96331.9 210672 -70.5619 -114.476 231652
0.00828 30859.4 96381.8 215166 1.62553 22.1137 235766
0.00829 30957 96445.7 220164 39.0828 90.1521 240362
0.0083 31054.7 96530.4 225819 51.5737 111.08 245586
0.00831 31152.3 96648.4 232367 61.6126 128.859 251665
0.00832 31250 96824.3 240199 66.1217 133.314 258980
0.00833 31347.7 97115.4 250046 43.1992 76.5556 268243
0.00834 31445.3 97689.3 263522 -7.60492 -39.6841 281047
0.00835 31543 99325.4 285559 -48.7187 -128.459 302340
0.00836 31640.6 175697 358825 -39.8726 -98.6464 399531
0.00837 31738.3 191497 287578 13.4126 32.172 345503
0.00838 31835.9 192995 267174 57.9968 133.112 329589
0.00839 31933.6 193493 255449 45.4917 87.1217 320459
0.0084 32031.3 193717 247396 -17.4353 -83.4378 314215
0.00841 32128.9 193830 241382 -76.3815 -234.541 309573
0.00842 32226.6 193886 236672 -85.2114 -246.051 305950
0.00843 32324.2 193909 232872 -48.8414 -136.329 303035
0.00844 32421.9 193912 229745 -9.28916 -24.5406 300640
0.00845 32519.5 193902 227139 3.34756 6.75744 298647
0.00846 32617.2 193882 224951 -2.17564 -11.2681 296973
0.00847 32714.8 193855 223107 1.04266 3.82159 295562
0.00848 32812.5 193824 221553 20.8138 71.7004 294370
0.00849 32910.2 193789 220249 37.8306 125.352 293366
0.0085 33007.8 193750 219162 32.6188 100.633 292525
0.00851 33105.5 193710 218269 10.8197 21.6779 291830
0.00852 33203.1 193668 217550 -4.3487 -26.7095 291265
0.00853 33300.8 193625 216989 -0.901101 -4.0824 290818
0.00854 33398.4 193580 216576 8.90118 37.7518 290479
0.00855 33496.1 193535 216298 6.8418 27.6842 290242
0.00856 33593.8 193489 216149 -5.81054 -21.3346 290101
0.00857 33691.4 193443 216122 -8.25677 -13.9486 290050
0.00858 33789.1 193397 216213 13.9165 111.061 290087
0.00859 33886.7 193350 216418 48.4318 286.173 290208
0.0086 33984.4 193304 216734 66.6645 365.306 290413
0.00861 34082 193257 217159 53.3834 275.214 290700
0.00862 34179.7 193212 217694 22.372 100.261 291069
0.00863 34277.3 193166 218338 1.38587 1.01279 291521
0.00864 34375 193121 219093 4.42815 52.8835 292058
0.00865 34472.7 193077 219961 21.2232 179.525 292680
0.00866 34570.3 193034 220946 31.9595 245.602 293392
0.00867 34668 192992 222051 27.7913 195.695 294198
0.00868 34765.6 192951 223282 15.2586 86.3702 295102
0.00869 34863.3 192911 224647 4.32148 -5.19559 296110
0.0087 34960.9 192874 226154 -2.76572 -69.7523 297230
0.00871 35058.6 192839 227813 -9.78662 -145.01 298472
0.00872 35156.2 192806 229638 -17.8068 -227.052 299846
0.00873 35253.9 192777 231645 -22.2179 -244.096 301368
0.00874 35351.6 192753 233854 -18.6934 -140.068 303053
0.00875 35449.2 192733 236291 -9.29769 33.1965 304925
0.00876 35546.9 192720 238987 -0.873541 141.576 307011
0.00877 35644.5 192716 241985 1.70484 101.134 309348
0.00878 35742.2 192723 245339 -0.803687 -29.6239 311983
0.00879 35839.8 192746 249124 -4.47519 -109.736 314982
0.0088 35937.5 192792 253444 -6.35625 -67.1285 318438
0.00881 36035.2 192872 258453 -5.6345 27.9136 322486
0.00882 36132.8 193005 264388 -2.63664 49.4143 327341
0.00883 36230.5 193233 271645 1.30431 -38.4903 333362
0.00884 36328.1 193647 280964 3.44055 -143.291 341233
0.00885 36425.8 194516 293988 1.35588 -152.668 352513
0.00886 36523.4 197082 315803 -3.77704 -60.0805 372253
0.00887 36621.1 230898 394833 -7.07959 35.7442 457391
0.00888 36718.8 284695 316054 -4.89094 48.0574 425372
0.00889 36816.4 287345 295362 0.584539 -6.87973 412075
0.0089 36914.1 288180 283316 3.5132 -46.6933 404123
0.00891 37011.7 288542 274954 1.78594 -30.7393 398568
0.00892 37109.4 288713 268660 -0.0557253 -1.27165 394377
0.00893 37207 288788 263706 2.6824 -12.1912 391075
0.00894 37304.7 288809 259703 6.83984 -45.1718 388402
0.00895 37402.3 288795 256419 3.98109 -29.1407 386204
0.00896 37500 288759 253707 -6.98487 55.0857 384381
0.00897 37597.7 288707 251468 -12.8484 120.137 382868
0.00898 37695.3 288643 249634 2.78341 51.983 381617
0.00899 37793 288571 248157 39.3412 -154.686 380599
0.009 37890.6 288492 247005 73.6497 -363.892 379788
0.00901 37988.3 288409 246154 79.2536 -419.124 379172
0.00902 38085.9 288322 245591 52.5318 -293.576 378740
0.00903 38183.6 288232 245309 16.8963 -108.718 378489
0.00904 38281.2 288139 245308 -0.836579 -5.42477 378418
0.00905 38378.9 288045 245595 3.65932 -12.3653 378532
0.00906 38476.6 287949 246185 12.4391 -48.8053 378843
0.00907 38574.2 287852 247100 9.49573 -39.1298 379365
0.00908 38671.9 287755 248375 -1.11426 4.80491 380123
0.00909 38769.5 287659 250057 -4.62261 22.7328 381151
0.0091 38867.2 287562 252216 1.29811 1.27906 382498
0.00911 38964.8 287467 254951 1.12678 -3.28814 384236
0.00912 39062.5 287374 258415 -17.3644 56.1794 386473
0.00913 39160.2 287284 262841 -42.3672 142.337 389381
0.00914 39257.8 287200 268631 -47.3097 165.449 393251
0.00915 39355.5 287124 276536 -22.9464 91.658 398638
0.00916 39453.1 287052 288247 6.69215 -5.3573 406799
0.00917 39550.8 286792 309097 8.03695 -20.4192 421652
0.00918 39648.4 379201 369715 -22.9013 62.6859 529606
0.00919 39746.1 384425 304438 -52.8892 149.248 490372
0.0092 39843.8 384726 282809 -48.2456 141.342 477489
0.00921 39941.4 384707 269492 -15.6207 52.8475 469708
0.00922 40039.1 384608 259773 2.11854 -2.86853 464118
0.00923 40136.7 384479 252084 -26.4154 58.9183 459750
0.00924 40234.4 384334 245709 -83.0199 195.819 456164
0.00925 40332 384182 240264 -115.832 280.33 453125
0.00926 40429.7 384024 235516 -92.4948 232.197 450491
0.00927 40527.3 383863 231316 -31.2013 92.4981 448172
0.00928 40625 383700 227561 23.1726 -34.4511 446105
0.00929 40722.7 383536 224181 46.658 -92.0453 444248
0.0093 40820.3 383370 221120 51.4109 -105.915 442568
0.00931 40918 383203 218340 55.6629 -117.294 441040
0.00932 41015.6 383035 215810 52.4994 -114.821 439647
0.00933 41113.3 382867 213507 21.0557 -56.6175 438375
0.00934 41210.9 382698 211413 -33.9774 49.7942 437211
0.00935 41308.6 382530 209515 -70.3103 123.454 436148
0.00936 41406.2 382360 207802 -48.971 89.0161 435179
0.00937 41503.9 382191 206267 14.9375 -27.717 434299
0.00938 41601.6 382021 204906 56.014 -108.084 433505
0.00939 41699.2 381851 203716 22.6242 -57.8965 432793
0.0094 41796.9 381680 202696 -65.9577 91.4755 432164
0.00941 41894.5 381509 201850 -135.192 212.351 431617
0.00942 41992.2 381338 201181 -129.989 210.072 431153
0.00943 42089.8 381167 200696 -67.4259 111.103 430775
0.00944 42187.5 380995 200405 -10.9096 18.7581 430487
0.00945 42285.2 380822 200322 1.43849 -3.88464 430296
0.00946 42382.8 380649 200464 -8.64731 11.1434 430209
0.00947 42480.5 380475 200854 2.3113 -3.26052 430237
0.00948 42578.1 380299 201524 40.0584 -57.8833 430395
0.00949 42675.8 380122 202513 65.5604 -96.5474 430702
0.0095 42773.4 379943 203876 46.7776 -72.2551 431187
0.00951 42871.1 379761 205687 2.12616 -9.75186 431886
0.00952 42968.8 379574 208052 -20.3924 24.1933 432853
0.00953 43066.4 379380 211127 -2.58243 3.28117 434170
0.00954 43164.1 379174 215157 22.1908 -28.7883 435965
0.00955 43261.7 378944 220554 15.2188 -20.125 438455
0.00956 43359.4 378661 228098 -10.2657 14.3468 442055
0.00957 43457 378216 239562 3.11674 2.96331 447702
0.00958 43554.7 376781 260733 85.4789 -92.8727 458199
0.00959 43652.3 476282 313799 188.822 -216.489 570363
0.0096 43750 477467 252436 224.968 -262.759 540092
0.00961 43847.7 477181 230762 158.204 -188.496 530050
0.00962 43945.3 476897 217091 49.4049 -62.8957 523983
0.00963 44043 476629 206928 -2.17943 0.922554 519609
0.00964 44140.6 476371 198756 41.3412 -40.9892 516172
0.00965 44238.3 476120 191882 123.267 -127.645 513332
0.00966 44335.9 475873 185931 157.903 -166.313 510907
0.00967 44433.6 475629 180677 117.1 -125.998 508790
0.00968 44531.2 475386 175976 43.0278 -50.2736 506912
0.00969 44628.9 475144 171733 -15.2158 9.5436 505227
0.0097 44726.6 474902 167878 -55.633 50.1852 503701
0.00971 44824.2 474660 164366 -103.407 96.7065 502313
0.00972 44921.9 474417 161163 -151.944 144.395 501044
0.00973 45019.5 474173 158246 -151.42 147.326 499882
0.00974 45117.2 473927 155602 -69.331 75.0892 498818
0.00975 45214.8 473679 153223 50.8595 -33.4912 497845
0.00976 45312.5 473428 151112 115.524 -94.5245 496960
0.00977 45410.2 473173 149275 74.7737 -63.0888 496161
0.00978 45507.8 472912 147729 -20.5824 17.6389 495449
0.00979 45605.5 472644 146500 -70.2962 61.8749 494828
0.0098 45703.1 472367 145626 -32.1395 32.7916 494305
0.00981 45800.8 472077 145164 34.9111 -22.2459 493892
0.00982 45898.4 471768 145197 41.3246 -30.5609 493606
0.00983 45996.1 471432 145847 -29.4633 22.3806 493477
0.00984 46093.8 471054 147306 -103.137 79.581 493549
0.00985 46191.4 470605 149889 -100.605 80.0857 493899
0.00986 46289.1 470024 154168 -26.4963 26.3026 494662
0.00987 46386.7 469155 161332 40.91 -24.3703 496120
0.00988 46484.4 467437 174610 41.2374 -27.4433 498985
0.00989 46582 460456 210961 -5.44583 3.71208 506482
0.0099 46679.7 579459 193318 -34.7503 24.0756 610855
0.00991 46777.3 573067 158094 -20.7541 14.9269 594474
0.00992 46875 571349 138853 -0.461482 0.484554 587979
0.00993 46972.7 570437 124627 -13.3913 7.30861 583892
0.00994 47070.3 569805 112875 -39.8037 23.7058 580877
0.00995 47168 569302 102577 -23.8303 14.5085 578469
0.00996 47265.6 568869 93212.5 42.3163 -26.2177 576455
0.00997 47363.3 568479 84473.2 82.7293 -53.6807 574721
0.00998 47460.9 568117 76153.9 10.0941 -16.1567 573198
0.00999 47558.6 567774 68103.6 -167.105 82.2906 571844
0.01 47656.2 567445 60199.5 -329.474 174.366 570629
0.01001 47753.9 567127 52330 -353.807 191.182 569536
0.01002 47851.6 566817 44382.2 -232.425 128.06 568552
0.01003 47949.2 566514 36227.5 -75.9453 44.384 567672
0.01004 48046.9 566217 27702.9 1.40117 1.08063 566895
0.01005 48144.5 565925 18578.3 -13.3249 5.8369 566230
0.01006 48242.2 565637 8490.98 -45.4291 21.1689 565701
0.01007 48339.8 565352 -3211.34 -34.0766 16.2049 565361
0.01008 48437.5 565063 -17934.8 3.9148 -1.90391 565347
0.01009 48535.2 564710 -39842.6 15.9962 -8.40933 566114
0.0101 48632.8 562601 -98635.7 -3.92005 0.319669 571182
0.01011 48730.5 473641 -49597.1 -3.56654 1.36833 476230
0.01012 48828.1 474152 -32521 53.7869 -21.8041 475266
0.01013 48925.8 474069 -23765.3 127.817 -52.8915 474665
0.01014 49023.4 473895 -18357.6 138.529 -58.8843 474251
0.01015 49121.1 473694 -14738.1 64.3327 -30.4371 473923
0.01016 49218.8 473481 -12214.6 -20.2994 3.64333 473638
0.01017 49316.4 473262 -10418.6 -22.4307 7.39704 473377
0.01018 49414.1 473040 -9130.23 61.7627 -21.433 473128
0.01019 49511.7 472817 -8207.03 138.154 -48.9952 472888
0.0102 49609.4 472592 -7550.71 121.445 -44.5332 472652
0.01021 49707 472366 -7089.67 36.4492 -15.6026 472419
0.01022 49804.7 472139 -6769.22 -5.89657 1.09307 472188
0.01023 49902.3 471912 -6545.51 65.8434 -18.2104 471957
