0 3.14159265358979 0 0.000866551126516464 
1.47551405393905 3.08270966637346 0.582583039747154 0.000866551126516464 
2.95102810787811 3.05830749539262 1.16516607949431 0.000866551126516464 
4.42654216181716 3.03957482689826 1.74774911924146 0.000866551126516464 
5.90205621575621 3.02377556172199 2.33033215898862 0.000866551126516464 
1.09438496251568 3.00985006027238 2.91291519873577 0.000866551126516464 
2.56989901645474 2.99725495567043 3.49549823848292 0.000866551126516464 
4.04541307039379 2.98566751005344 4.07808127823008 0.000866551126516464 
5.52092712433284 2.97487747206915 4.66066431797723 0.000866551126516464 
0.71325587109231 2.96473882142373 5.24324735772439 0.000866551126516464 
2.18876992503136 2.95514525665563 5.82583039747154 0.000866551126516464 
3.66428397897042 2.94601654001621 0.125228130039108 0.000866551126516464 
5.13979803290947 2.93729034345785 0.707811169786262 0.000866551126516464 
0.332126779668938 2.92891710763684 1.29039420953342 0.000866551126516464 
1.80764083360799 2.92085665557602 1.87297724928057 0.000866551126516464 
3.28315488754705 2.91307588023362 2.45556028902772 0.000866551126516464 
4.7586689414861 2.90554711693975 3.03814332877488 0.000866551126516464 
6.23418299542515 2.89824696799916 3.62072636852203 0.000866551126516464 
1.42651174218462 2.89115543479899 4.20330940826919 0.000866551126516464 
2.90202579612367 2.88425526446748 4.78589244801634 0.000866551126516464 
4.37753985006273 2.87753144961703 5.36847548776349 0.000866551126516464 
5.85305390400178 2.87097083949097 5.95105852751065 0.000866551126516464 
1.04538265076125 2.86456183361604 0.250456260078216 0.000866551126516464 
2.5208967047003 2.85829413752415 0.83303929982537 0.000866551126516464 
3.99641075863936 2.85215856583294 1.41562233957252 0.000866551126516464 
5.47192481257841 2.84614688192532 1.99820537931968 0.000866551126516464 
0.664253559337877 2.84025166624304 2.58078841906683 0.000866551126516464 
2.13976761327693 2.83446620718985 3.16337145881399 0.000866551126516464 
3.61528166721598 2.82878441007465 3.74595449856114 0.000866551126516464 
5.09079572115504 2.82320072057737 4.32853753830829 0.000866551126516464 
0.283124467914505 2.81771006000377 4.91112057805545 0.000866551126516464 
1.75863852185356 2.8123077701828 5.4937036178026 0.000866551126516464 
3.23415257579261 2.80698956630773 6.07628665754976 0.000866551126516464 
4.70966662973167 2.80175149636474 0.375684390117324 0.000866551126516464 
6.18518068367072 2.79658990605813 0.958267429864478 0.000866551126516464 
1.37750943043019 2.7915014083487 1.54085046961163 0.000866551126516464 
2.85302348436924 2.78648285688478 2.12343350935879 0.000866551126516464 
4.32853753830829 2.78153132273459 2.70601654910594 0.000866551126516464 
5.80405159224735 2.77664407393241 3.28859958885309 0.000866551126516464 
0.996380339006815 2.77181855743314 3.87118262860025 0.000866551126516464 
2.47189439294587 2.76705238313789 4.4537656683474 0.000866551126516464 
3.94740844688492 2.76234330970707 5.03634870809456 0.000866551126516464 
5.42292250082398 2.75768923192268 5.61893174784171 0.000866551126516464 
0.615251247583443 2.75308816939772 6.20151478758886 0.000866551126516464 
2.0907653015225 2.74853825646155 0.500912520156431 0.000866551126516464 
3.56627935546155 2.74403773307469 1.08349555990359 0.000866551126516464 
5.0417934094006 2.73958493664794 1.66607859965074 0.000866551126516464 
0.234122156160071 2.73517829465827 2.24866163939789 0.000866551126516464 
1.70963621009912 2.73081631796848 2.83124467914505 0.000866551126516464 
3.18515026403818 2.72649759477052 3.4138277188922 0.000866551126516464 
4.66066431797723 2.72222078508269 3.99641075863936 0.000866551126516464 
6.13617837191629 2.71798461574008 4.57899379838651 0.000866551126516464 
1.32850711867575 2.71378787582523 5.16157683813366 0.000866551126516464 
2.80402117261481 2.70962941249273 5.74415987788082 0.000866551126516464 
4.27953522655386 2.70550812714694 0.0435576104483854 0.000866551126516464 
5.75504928049291 2.7014229719371 0.626140650195539 0.000866551126516464 
0.947378027252381 2.6973729465381 1.20872368994269 0.000866551126516464 
2.42289208119143 2.69335709518909 1.79130672968985 0.000866551126516464 
3.89840613513049 2.68937450396503 2.373889769437 0.000866551126516464 
5.37392018906954 2.68542429825926 2.95647280918416 0.000866551126516464 
0.56624893582901 2.68150564045738 3.53905584893131 0.000866551126516464 
2.04176298976806 2.6776177277851 4.12163888867846 0.000866551126516464 
3.51727704370712 2.6737597903143 4.70422192842562 0.000866551126516464 
4.99279109764617 2.66993108911341 5.28680496817277 0.000866551126516464 
0.185119844405638 2.66613091452945 5.86938800791993 0.000866551126516464 
1.66063389834469 2.66235858459057 0.168785740487493 0.000866551126516464 
3.13614795228374 2.65861344351887 0.751368780234647 0.000866551126516464 
4.6116620062228 2.65489486034424 1.3339518199818 0.000866551126516464 
6.08717606016185 2.65120222761118 1.91653485972896 0.000866551126516464 
1.27950480692132 2.64753496017083 2.49911789947611 0.000866551126516464 
2.75501886086037 2.64389249405172 3.08170093922326 0.000866551126516464 
4.23053291479943 2.6402742854028 3.66428397897042 0.000866551126516464 
5.70604696873848 2.63667980950338 4.24686701871757 0.000866551126516464 
0.898375715497948 2.63310855983474 4.82945005846473 0.000866551126516464 
2.373889769437 2.62956004720888 5.41203309821188 0.000866551126516464 
3.84940382337606 2.62603379895008 5.99461613795903 0.000866551126516464 
5.32491787731511 2.62252935812552 0.294013870526601 0.000866551126516464 
0.517246624074576 2.61904628282129 0.876596910273755 0.000866551126516464 
1.99276067801363 2.61558414546063 1.45917995002091 0.000866551126516464 
3.46827473195268 2.61214253216147 2.04176298976806 0.000866551126516464 
4.94378878589174 2.60872104213041 2.62434602951522 0.000866551126516464 
0.136117532651204 2.60531928709081 3.20692906926237 0.000866551126516464 
1.61163158659026 2.60193689074251 3.78951210900953 0.000866551126516464 
3.08714564052931 2.59857348825116 4.37209514875668 0.000866551126516464 
4.56265969446836 2.59522872576526 4.95467818850383 0.000866551126516464 
6.03817374840742 2.59190225995889 5.53726122825099 0.000866551126516464 
1.23050249516689 2.58859375759873 6.11984426799814 0.000866551126516464 
2.70601654910594 2.58530289513363 0.419242000565709 0.000866551126516464 
4.18153060304499 2.5820293583054 1.00182504031286 0.000866551126516464 
5.65704465698405 2.57877284177942 1.58440808006002 0.000866551126516464 
0.849373403743514 2.57553304879399 2.16699111980717 0.000866551126516464 
2.32488745768257 2.57230969082708 2.74957415955433 0.000866551126516464 
3.80040151162162 2.56910248727962 3.33215719930148 0.000866551126516464 
5.27591556556068 2.56591116517418 3.91474023904863 0.000866551126516464 
0.468244312320142 2.56273545886832 4.49732327879579 0.000866551126516464 
1.9437583662592 2.55957510978148 5.07990631854294 0.000866551126516464 
3.41927242019825 2.55642986613496 5.66248935829009 0.000866551126516464 
4.8947864741373 2.55329948270394 6.24507239803725 0.000866551126516464 
0.0871152208967707 2.5501837205811 0.544470130604817 0.000866551126516464 
1.56262927483582 2.54708234695096 1.12705317035197 0.000866551126516464 
3.03814332877488 2.54399513487455 1.70963621009912 0.000866551126516464 
4.51365738271393 2.54092186308377 2.29221924984628 0.000866551126516464 
5.98917143665299 2.53786231578482 2.87480228959343 0.000866551126516464 
1.18150018341245 2.53481628247035 3.45738532934059 0.000866551126516464 
2.65701423735151 2.53178355773982 4.03996836908774 0.000866551126516464 
4.13252829129056 2.52876394112757 4.6225514088349 0.000866551126516464 
5.60804234522961 2.52575723693831 5.20513444858205 0.000866551126516464 
0.800371091989081 2.52276325408953 5.7877174883292 0.000866551126516464 
2.27588514592813 2.5197818059606 0.0871152208967707 0.000866551126516464 
3.75139919986719 2.51681271024807 0.669698260643925 0.000866551126516464 
5.22691325380624 2.51385578882699 1.25228130039108 0.000866551126516464 
0.419242000565709 2.51091086761792 1.83486434013823 0.000866551126516464 
1.89475605450476 2.50797777645925 2.41744737988539 0.000866551126516464 
3.37027010844382 2.50505634898473 3.00003041963254 0.000866551126516464 
4.84578416238287 2.50214642250579 3.58261345937969 0.000866551126516464 
0.0381129091423372 2.49924783789859 4.16519649912685 0.000866551126516464 
1.51362696308139 2.49636043949541 4.747779538874 0.000866551126516464 
2.98914101702044 2.49348407498031 5.33036257862116 0.000866551126516464 
4.4646550709595 2.49061859528875 5.91294561836831 0.000866551126516464 
5.94016912489855 2.48776385451106 0.212343350935879 0.000866551126516464 
1.13249787165802 2.48491970979957 0.794926390683033 0.000866551126516464 
2.60801192559707 2.48208602127919 1.37750943043019 0.000866551126516464 
4.08352597953613 2.47926265196134 1.96009247017734 0.000866551126516464 
5.55904003347518 2.47644946766104 2.54267550992449 0.000866551126516464 
0.751368780234647 2.47364633691705 3.12525854967165 0.000866551126516464 
2.2268828341737 2.47085313091485 3.7078415894188 0.000866551126516464 
3.70239688811275 2.46806972341249 4.29042462916596 0.000866551126516464 
5.17791094205181 2.46529599066897 4.87300766891311 0.000866551126516464 
0.370239688811275 2.46253181137526 5.45559070866026 0.000866551126516464 
1.84575374275033 2.45977706658769 6.03817374840742 0.000866551126516464 
3.32126779668938 2.45703163966367 0.337571480974986 0.000866551126516464 
4.79678185062844 2.45429541619961 0.920154520722141 0.000866551126516464 
6.27229590456749 2.45156828397106 1.50273756046929 0.000866551126516464 
1.46462465132696 2.44885013287477 2.08532060021645 0.000866551126516464 
2.94013870526601 2.44614085487279 2.6679036399636 0.000866551126516464 
4.41565275920506 2.44344034393846 3.25048667971076 0.000866551126516464 
5.89116681314412 2.44074849600409 3.83306971945791 0.000866551126516464 
1.08349555990359 2.43806520891053 4.41565275920506 0.000866551126516464 
2.55900961384264 2.43539038235823 4.99823579895222 0.000866551126516464 
4.03452366778169 2.43272391786005 5.58081883869937 0.000866551126516464 
5.51003772172075 2.43006571869549 6.16340187844653 0.000866551126516464 
0.702366468480214 2.42741568986642 0.462799611014094 0.000866551126516464 
2.17788052241927 2.42477373805424 1.04538265076125 0.000866551126516464 
3.65339457635832 2.42213977157839 1.6279656905084 0.000866551126516464 
5.12890863029737 2.41951370035615 2.21054873025556 0.000866551126516464 
0.321237377056842 2.41689543586373 2.79313177000271 0.000866551126516464 
1.7967514309959 2.41428489109851 3.37571480974986 0.000866551126516464 
3.27226548493495 2.41168198054251 3.95829784949702 0.000866551126516464 
4.747779538874 2.40908662012693 4.54088088924417 0.000866551126516464 
6.22329359281306 2.40649872719779 5.12346392899133 0.000866551126516464 
1.41562233957252 2.40391822048262 5.70604696873848 0.000866551126516464 
2.89113639351158 2.40134502005808 0.00544470130604817 0.000866551126516464 
4.36665044745063 2.39877904731867 0.588027741053202 0.000866551126516464 
5.84216450138969 2.39622022494624 1.17061078080036 0.000866551126516464 
1.03449324814915 2.39366847688047 1.75319382054751 0.000866551126516464 
2.51000730208821 2.39112372829019 2.33577686029466 0.000866551126516464 
3.98552135602726 2.38858590554553 2.91835990004182 0.000866551126516464 
5.46103540996631 2.3860549361909 3.50094293978897 0.000866551126516464 
0.65336415672578 2.3835307489187 4.08352597953613 0.000866551126516464 
2.12887821066483 2.3810132735438 4.66610901928328 0.000866551126516464 
3.60439226460389 2.37850244097879 5.24869205903043 0.000866551126516464 
5.07990631854294 2.37599818320981 5.83127509877759 0.000866551126516464 
0.272235065302408 2.37350043327319 0.130672831345156 0.000866551126516464 
1.74774911924146 2.37100912523263 0.71325587109231 0.000866551126516464 
3.22326317318052 2.36852419415711 1.29583891083946 0.000866551126516464 
4.69877722711957 2.36604557609927 1.87842195058662 0.000866551126516464 
6.17429128105862 2.36357320807456 2.46100499033377 0.000866551126516464 
1.36662002781809 2.36110702804078 3.04358803008093 0.000866551126516464 
2.84213408175714 2.35864697487827 3.62617106982808 0.000866551126516464 
4.3176481356962 2.35619298837064 4.20875410957523 0.000866551126516464 
5.79316218963525 2.35374500918593 4.79133714932239 0.000866551126516464 
0.985490936394718 2.35130297885837 5.37392018906954 0.000866551126516464 
2.46100499033377 2.34886683977054 5.9565032288167 0.000866551126516464 
3.93651904427283 2.34643653513606 0.255900961384264 0.000866551126516464 
5.41203309821188 2.34401200898265 0.838484001131418 0.000866551126516464 
0.604361844971347 2.34159320613571 1.42106704087857 0.000866551126516464 
2.0798758989104 2.3391800722023 2.00365008062573 0.000866551126516464 
3.55538995284945 2.33677255355549 2.58623312037288 0.000866551126516464 
5.03090400678851 2.33437059731916 3.16881616012003 0.000866551126516464 
0.223232753547975 2.33197415135315 3.75139919986719 0.000866551126516464 
1.69874680748703 2.32958316423878 4.33398223961434 0.000866551126516464 
3.17426086142608 2.32719758526477 4.9165652793615 0.000866551126516464 
4.64977491536514 2.32481736441351 5.49914831910865 0.000866551126516464 
6.12528896930419 2.32244245234757 6.0817313588558 0.000866551126516464 
1.31761771606366 2.3200728003967 0.381129091423372 0.000866551126516464 
2.79313177000271 2.31770836054501 0.963712131170526 0.000866551126516464 
4.26864582394176 2.31534908541855 1.54629517091768 0.000866551126516464 
5.74415987788082 2.31299492827315 2.12887821066483 0.000866551126516464 
0.936488624640285 2.31064584298257 2.71146125041199 0.000866551126516464 
2.41200267857934 2.30830178402688 3.29404429015914 0.000866551126516464 
3.88751673251839 2.30596270648124 3.8766273299063 0.000866551126516464 
5.36303078645745 2.3036285660048 4.45921036965345 0.000866551126516464 
0.555359533216913 2.30129931882997 5.0417934094006 0.000866551126516464 
2.03087358715597 2.29897492175187 5.62437644914776 0.000866551126516464 
3.50638764109502 2.29665533211809 6.20695948889491 0.000866551126516464 
4.98190169503407 2.29434050781862 0.50635722146248 0.000866551126516464 
0.174230441793541 2.29203040727608 1.08894026120963 0.000866551126516464 
1.6497444957326 2.28972498943613 1.67152330095679 0.000866551126516464 
3.12525854967165 2.28742421375809 2.25410634070394 0.000866551126516464 
4.6007726036107 2.28512804020582 2.8366893804511 0.000866551126516464 
6.07628665754976 2.28283642923877 3.41927242019825 0.000866551126516464 
1.26861540430922 2.28054934180324 4.0018554599454 0.000866551126516464 
2.74412945824828 2.27826673932385 4.58443849969256 0.000866551126516464 
4.21964351218733 2.27598858369517 5.16702153943971 0.000866551126516464 
5.69515756612638 2.27371483727355 5.74960457918687 0.000866551126516464 
0.887486312885851 2.27144546286916 0.0490023117544335 0.000866551126516464 
2.3630003668249 2.26918042373815 0.631585351501588 0.000866551126516464 
3.83851442076396 2.26691968357502 1.21416839124874 0.000866551126516464 
5.31402847470301 2.26466320650514 1.7967514309959 0.000866551126516464 
0.50635722146248 2.26241095707745 2.37933447074305 0.000866551126516464 
1.98187127540153 2.26016290025731 2.9619175104902 0.000866551126516464 
3.45738532934059 2.25791900141944 3.54450055023736 0.000866551126516464 
4.93289938327964 2.25567922634115 4.12708358998451 0.000866551126516464 
0.125228130039108 2.25344354119558 4.70966662973167 0.000866551126516464 
1.60074218397816 2.25121191254513 5.29224966947882 0.000866551126516464 
3.07625623791722 2.24898430733508 5.87483270922597 0.000866551126516464 
4.55177029185627 2.24676069288724 0.174230441793541 0.000866551126516464 
6.02728434579532 2.24454103689382 0.756813481540695 0.000866551126516464 
1.21961309255479 2.24232530741139 1.33939652128785 0.000866551126516464 
2.69512714649384 2.24011347285497 1.921979561035 0.000866551126516464 
4.1706412004329 2.23790550199223 2.50456260078216 0.000866551126516464 
5.64615525437195 2.23570136393785 3.08714564052931 0.000866551126516464 
0.838484001131418 2.23350102814792 3.66972868027646 0.000866551126516464 
2.31399805507047 2.23130446441455 4.25231172002362 0.000866551126516464 
3.78951210900953 2.22911164286049 4.83489475977077 0.000866551126516464 
5.26502616294858 2.22692253393393 5.41747779951793 0.000866551126516464 
0.457354909708046 2.22473710840337 6.00006083926508 0.000866551126516464 
1.9328689636471 2.22255533735263 0.299458571832649 0.000866551126516464 
3.40838301758615 2.22037719217588 0.882041611579803 0.000866551126516464 
4.88389707152521 2.21820264457285 1.46462465132696 0.000866551126516464 
0.0762258182846744 2.21603166654411 2.04720769107411 0.000866551126516464 
1.55173987222373 2.2138642303864 2.62979073082127 0.000866551126516464 
3.02725392616278 2.21170030868813 3.21237377056842 0.000866551126516464 
4.50276798010184 2.20953987432488 3.79495681031557 0.000866551126516464 
5.97828203404089 2.20738290045505 4.37753985006273 0.000866551126516464 
1.17061078080036 2.20522936051559 4.96012288980988 0.000866551126516464 
2.64612483473941 2.20307922821776 5.54270592955704 0.000866551126516464 
4.12163888867846 2.20093247754302 6.12528896930419 0.000866551126516464 
5.59715294261752 2.19878908273901 0.424686701871757 0.000866551126516464 
0.789481689376984 2.19664901831552 1.00726974161891 0.000866551126516464 
2.26499574331604 2.19451225904067 1.58985278136607 0.000866551126516464 
3.74050979725509 2.19237877993701 2.17243582111322 0.000866551126516464 
5.21602385119415 2.19024855627783 2.75501886086037 0.000866551126516464 
0.408352597953613 2.18812156358346 3.33760190060753 0.000866551126516464 
1.88386665189267 2.18599777761764 3.92018494035468 0.000866551126516464 
3.35938070583172 2.18387717438398 4.50276798010184 0.000866551126516464 
4.83489475977077 2.18175973012251 5.08535101984899 0.000866551126516464 
0.0272235065302408 2.1796454213062 5.66793405959614 0.000866551126516464 
1.50273756046929 2.17753422463768 6.2505170993433 0.000866551126516464 
2.97825161440835 2.17542611704587 0.549914831910865 0.000866551126516464 
4.4537656683474 2.1733210756828 1.13249787165802 0.000866551126516464 
5.92927972228646 2.1712190779204 1.71508091140517 0.000866551126516464 
1.12160846904592 2.16912010134741 2.29766395115233 0.000866551126516464 
2.59712252298498 2.16702412376627 2.88024699089948 0.000866551126516464 
4.07263657692403 2.16493112319016 3.46283003064664 0.000866551126516464 
5.54815063086308 2.16284107783999 4.04541307039379 0.000866551126516464 
0.740479377622551 2.16075396614156 4.62799611014094 0.000866551126516464 
2.2159934315616 2.15866976672264 5.2105791498881 0.000866551126516464 
3.69150748550066 2.1565884584102 5.79316218963525 0.000866551126516464 
5.16702153943971 2.15451002022766 0.0925599222028189 0.000866551126516464 
0.359350286199179 2.15243443139216 0.675142961949973 0.000866551126516464 
1.83486434013823 2.15036167131191 1.25772600169713 0.000866551126516464 
3.31037839407729 2.14829171958358 1.84030904144428 0.000866551126516464 
4.78589244801634 2.14622455598971 2.42289208119143 0.000866551126516464 
6.26140650195539 2.14416016049622 3.00547512093859 0.000866551126516464 
1.45373524871486 2.14209851324988 3.58805816068574 0.000866551126516464 
2.92924930265391 2.1400395945759 4.1706412004329 0.000866551126516464 
4.40476335659297 2.13798338497554 4.75322424018005 0.000866551126516464 
5.88027741053202 2.1359298651237 5.33580727992721 0.000866551126516464 
1.07260615729149 2.13387901586664 5.91839031967436 0.000866551126516464 
2.54812021123054 2.1318308182197 0.217788052241927 0.000866551126516464 
4.0236342651696 2.12978525336503 0.800371091989081 0.000866551126516464 
5.49914831910865 2.12774230264941 1.38295413173623 0.000866551126516464 
0.691477065868117 2.12570194758205 1.96553717148339 0.000866551126516464 
2.16699111980717 2.12366416983248 2.54812021123054 0.000866551126516464 
3.64250517374622 2.12162895122845 3.1307032509777 0.000866551126516464 
5.11801922768528 2.11959627375383 3.71328629072485 0.000866551126516464 
0.310347974444746 2.11756611954664 4.29586933047201 0.000866551126516464 
1.7858620283838 2.11553847089699 4.87845237021916 0.000866551126516464 
3.26137608232285 2.11351331024512 5.46103540996631 0.000866551126516464 
4.73689013626191 2.11149062017953 6.04361844971347 0.000866551126516464 
6.21240419020096 2.10947038343497 0.343016182281035 0.000866551126516464 
1.40473293696043 2.10745258289067 0.925599222028189 0.000866551126516464 
2.88024699089948 2.10543720156842 1.50818226177534 0.000866551126516464 
4.35576104483854 2.10342422263078 2.0907653015225 0.000866551126516464 
5.83127509877759 2.10141362937932 2.67334834126965 0.000866551126516464 
1.02360384553706 2.0994054052528 3.2559313810168 0.000866551126516464 
2.49911789947611 2.09739953382552 3.83851442076396 0.000866551126516464 
3.97463195341516 2.09539599880552 4.42109746051111 0.000866551126516464 
5.45014600735422 2.09339478403299 5.00368050025827 0.000866551126516464 
0.642474754113684 2.09139587347858 5.58626354000542 0.000866551126516464 
2.11798880805274 2.08939925124175 6.16884657975258 0.000866551126516464 
3.59350286199179 2.08740490154922 0.468244312320142 0.000866551126516464 
5.06901691593084 2.08541280875335 1.0508273520673 0.000866551126516464 
0.261345662690312 2.08342295733061 1.63341039181445 0.000866551126516464 
1.73685971662937 2.08143533188005 2.2159934315616 0.000866551126516464 
3.21237377056842 2.07944991712178 2.79857647130876 0.000866551126516464 
4.68788782450747 2.07746669789549 3.38115951105591 0.000866551126516464 
6.16340187844653 2.07548565915901 3.96374255080307 0.000866551126516464 
1.35573062520599 2.07350678598685 4.54632559055022 0.000866551126516464 
2.83124467914505 2.07153006356877 5.12890863029737 0.000866551126516464 
4.3067587330841 2.06955547720843 5.71149167004453 0.000866551126516464 
5.78227278702316 2.06758301232197 0.0108894026120963 0.000866551126516464 
0.974601533782622 2.06561265443666 0.59347244235925 0.000866551126516464 
2.45011558772168 2.06364438918958 1.1760554821064 0.000866551126516464 
3.92562964166073 2.06167820232631 1.75863852185356 0.000866551126516464 
5.40114369559978 2.0597140796996 2.34122156160071 0.000866551126516464 
0.59347244235925 2.05775200726813 2.92380460134787 0.000866551126516464 
2.0689864962983 2.05579197109522 3.50638764109502 0.000866551126516464 
3.54450055023736 2.05383395734761 4.08897068084217 0.000866551126516464 
5.02001460417641 2.05187795229422 4.67155372058933 0.000866551126516464 
0.212343350935879 2.04992394230497 5.25413676033648 0.000866551126516464 
1.68785740487493 2.04797191384955 5.83671980008364 0.000866551126516464 
3.16337145881399 2.04602185349629 0.136117532651204 0.000866551126516464 
4.63888551275304 2.04407374791098 0.718700572398358 0.000866551126516464 
6.11439956669209 2.04212758385575 1.30128361214551 0.000866551126516464 
1.30672831345156 2.04018334818792 1.88386665189267 0.000866551126516464 
2.78224236739061 2.03824102785891 2.46644969163982 0.000866551126516464 
4.25775642132967 2.03630060991317 3.04903273138697 0.000866551126516464 
5.73327047526872 2.03436208148706 3.63161577113413 0.000866551126516464 
0.925599222028189 2.03242542980782 4.21419881088128 0.000866551126516464 
2.40111327596724 2.03049064219252 4.79678185062844 0.000866551126516464 
3.8766273299063 2.028557706047 5.37936489037559 0.000866551126516464 
5.35214138384535 2.02662660886491 5.96194793012274 0.000866551126516464 
0.544470130604817 2.02469733822664 0.261345662690312 0.000866551126516464 
2.01998418454387 2.02276988179839 0.843928702437466 0.000866551126516464 
3.49549823848292 2.02084422733113 1.42651174218462 0.000866551126516464 
4.97101229242198 2.01892036265971 2.00909478193177 0.000866551126516464 
0.163341039181445 2.01699827570184 2.59167782167893 0.000866551126516464 
1.6388550931205 2.01507795445721 3.17426086142608 0.000866551126516464 
3.11436914705955 2.01315938700651 3.75684390117324 0.000866551126516464 
4.58988320099861 2.01124256151056 4.33942694092039 0.000866551126516464 
6.06539725493766 2.00932746620942 4.92200998066754 0.000866551126516464 
1.25772600169713 2.00741408942144 5.5045930204147 0.000866551126516464 
2.73324005563618 2.00550241954245 6.08717606016185 0.000866551126516464 
4.20875410957523 2.00359244504485 0.38657379272942 0.000866551126516464 
5.68426816351429 2.00168415447677 0.969156832476574 0.000866551126516464 
0.876596910273755 1.99977753646125 1.55173987222373 0.000866551126516464 
2.35211096421281 1.99787257969537 2.13432291197088 0.000866551126516464 
3.82762501815186 1.99596927294947 2.71690595171804 0.000866551126516464 
5.30313907209092 1.9940676050663 3.29948899146519 0.000866551126516464 
0.495467818850383 1.99216756496023 3.88207203121234 0.000866551126516464 
1.97098187278944 1.99026914161651 4.4646550709595 0.000866551126516464 
3.44649592672849 1.98837232409042 5.04723811070665 0.000866551126516464 
4.92200998066754 1.98647710150653 5.62982115045381 0.000866551126516464 
0.114338727427012 1.98458346305797 6.21240419020096 0.000866551126516464 
1.58985278136607 1.98269139800562 0.511801922768528 0.000866551126516464 
3.06536683530512 1.98080089567743 1.09438496251568 0.000866551126516464 
4.54088088924417 1.97891194546766 1.67696800226284 0.000866551126516464 
6.01639494318323 1.97702453683614 2.25955104200999 0.000866551126516464 
1.20872368994269 1.97513865930761 2.84213408175714 0.000866551126516464 
2.68423774388175 1.97325430247097 3.4247171215043 0.000866551126516464 
4.1597517978208 1.97137145597859 4.00730016125145 0.000866551126516464 
5.63526585175985 1.96949010954565 4.58988320099861 0.000866551126516464 
0.827594598519322 1.96761025294945 5.17246624074576 0.000866551126516464 
2.30310865245838 1.96573187602872 5.75504928049291 0.000866551126516464 
3.77862270639743 1.963854968683 0.0544470130604817 0.000866551126516464 
5.25413676033648 1.96197952087195 0.637030052807636 0.000866551126516464 
0.44646550709595 1.96010552261472 1.21961309255479 0.000866551126516464 
1.921979561035 1.9582329639893 1.80219613230194 0.000866551126516464 
3.39749361497406 1.95636183513193 2.3847791720491 0.000866551126516464 
4.87300766891311 1.95449212623642 2.96736221179625 0.000866551126516464 
0.065336415672578 1.95262382755359 3.54994525154341 0.000866551126516464 
1.54085046961163 1.95075692939062 4.13252829129056 0.000866551126516464 
3.01636452355069 1.94889142211049 4.71511133103771 0.000866551126516464 
4.49187857748974 1.94702729613134 5.29769437078487 0.000866551126516464 
5.96739263142879 1.94516454192593 5.88027741053202 0.000866551126516464 
1.15972137818826 1.94330315002104 0.17967514309959 0.000866551126516464 
2.63523543212731 1.94144311099688 0.762258182846744 0.000866551126516464 
4.11074948606637 1.93958441548658 1.3448412225939 0.000866551126516464 
5.58626354000542 1.93772705417557 1.92742426234105 0.000866551126516464 
0.778592286764888 1.93587101780106 2.51000730208821 0.000866551126516464 
2.25410634070394 1.93401629715149 3.09259034183536 0.000866551126516464 
3.729620394643 1.93216288306599 3.67517338158251 0.000866551126516464 
5.20513444858205 1.93031076643384 4.25775642132967 0.000866551126516464 
0.397463195341516 1.92845993819396 4.84033946107682 0.000866551126516464 
1.87297724928057 1.92661038933438 5.42292250082398 0.000866551126516464 
3.34849130321962 1.9247621108917 6.00550554057113 0.000866551126516464 
4.82400535715868 1.92291509395062 0.304903273138697 0.000866551126516464 
0.0163341039181445 1.92106932964342 0.887486312885851 0.000866551126516464 
1.4918481578572 1.91922480914947 1.47006935263301 0.000866551126516464 
2.96736221179625 1.91738152369472 2.05265239238016 0.000866551126516464 
4.44287626573531 1.91553946455122 2.63523543212731 0.000866551126516464 
5.91839031967436 1.91369862303665 3.21781847187447 0.000866551126516464 
1.11071906643383 1.91185899051384 3.80040151162162 0.000866551126516464 
2.58623312037288 1.91002055839028 4.38298455136878 0.000866551126516464 
4.06174717431193 1.90818331811769 4.96556759111593 0.000866551126516464 
5.53726122825099 1.90634726119153 5.54815063086308 0.000866551126516464 
0.729589975010455 1.90451237915056 6.13073367061024 0.000866551126516464 
2.20510402894951 1.90267866357636 0.430131403177805 0.000866551126516464 
3.68061808288856 1.90084610609296 1.01271444292496 0.000866551126516464 
5.15613213682762 1.89901469836629 1.59529748267211 0.000866551126516464 
0.348460883587083 1.89718443210385 2.17788052241927 0.000866551126516464 
1.82397493752614 1.8953552990542 2.76046356216642 0.000866551126516464 
3.29948899146519 1.89352729100659 3.34304660191358 0.000866551126516464 
4.77500304540424 1.89170039979048 3.92562964166073 0.000866551126516464 
6.2505170993433 1.8898746172752 4.50821268140788 0.000866551126516464 
1.44284584610276 1.88804993536944 5.09079572115504 0.000866551126516464 
2.91835990004182 1.88622634602094 5.67337876090219 0.000866551126516464 
4.39387395398087 1.88440384121601 6.25596180064935 0.000866551126516464 
5.86938800791993 1.88258241297917 0.555359533216913 0.000866551126516464 
1.06171675467939 1.88076205337273 1.13794257296407 0.000866551126516464 
2.53723080861845 1.87894275449643 1.72052561271122 0.000866551126516464 
4.0127448625575 1.87712450848702 2.30310865245838 0.000866551126516464 
5.48825891649655 1.87530730751789 2.88569169220553 0.000866551126516464 
0.680587663256021 1.87349114379868 3.46827473195268 0.000866551126516464 
2.15610171719507 1.87167600957492 4.05085777169984 0.000866551126516464 
3.63161577113413 1.86986189712767 4.63344081144699 0.000866551126516464 
5.10712982507318 1.86804879877308 5.21602385119415 0.000866551126516464 
0.299458571832649 1.86623670686213 5.7986068909413 0.000866551126516464 
1.7749726257717 1.86442561378019 0.098004623508867 0.000866551126516464 
3.25048667971076 1.86261551194667 0.680587663256021 0.000866551126516464 
4.72600073364981 1.86080639381472 1.26317070300318 0.000866551126516464 
6.20151478758886 1.85899825187081 1.84575374275033 0.000866551126516464 
1.39384353434833 1.85719107863445 2.42833678249748 0.000866551126516464 
2.86935758828738 1.85538486665777 3.01091982224464 0.000866551126516464 
4.34487164222644 1.85357960852525 3.59350286199179 0.000866551126516464 
5.82038569616549 1.85177529685335 4.17608590173895 0.000866551126516464 
1.01271444292496 1.84997192429017 4.7586689414861 0.000866551126516464 
2.48822849686401 1.84816948351515 5.34125198123325 0.000866551126516464 
3.96374255080307 1.84636796723869 5.92383502098041 0.000866551126516464 
5.43925660474212 1.8445673682019 0.223232753547975 0.000866551126516464 
0.631585351501588 1.8427676791762 0.805815793295129 0.000866551126516464 
2.10709940544064 1.84096889296306 1.38839883304228 0.000866551126516464 
3.58261345937969 1.83917100239365 1.97098187278944 0.000866551126516464 
5.05812751331875 1.83737400032856 2.55356491253659 0.000866551126516464 
0.250456260078216 1.83557787965745 3.13614795228374 0.000866551126516464 
1.72597031401727 1.83378263329879 3.7187309920309 0.000866551126516464 
3.20148436795632 1.8319882541995 4.30131403177805 0.000866551126516464 
4.67699842189538 1.83019473533472 4.88389707152521 0.000866551126516464 
6.15251247583443 1.82840206970744 5.46648011127236 0.000866551126516464 
1.3448412225939 1.82661025034826 6.04906315101951 0.000866551126516464 
2.82035527653295 1.82481927031507 0.348460883587083 0.000866551126516464 
4.29586933047201 1.82302912269275 0.931043923334237 0.000866551126516464 
5.77138338441106 1.82123980059293 1.51362696308139 0.000866551126516464 
0.963712131170526 1.81945129715364 2.09621000282854 0.000866551126516464 
2.43922618510958 1.81766360553908 2.6787930425757 0.000866551126516464 
3.91474023904863 1.81587671893931 3.26137608232285 0.000866551126516464 
5.39025429298769 1.81409063057 3.84395912207001 0.000866551126516464 
0.582583039747154 1.81230533367213 4.42654216181716 0.000866551126516464 
2.05809709368621 1.81052082151172 5.00912520156432 0.000866551126516464 
3.53361114762526 1.80873708737958 5.59170824131147 0.000866551126516464 
5.00912520156432 1.80695412459101 6.17429128105862 0.000866551126516464 
0.201453948323782 1.80517192648558 0.473689013626191 0.000866551126516464 
1.67696800226284 1.8033904864268 1.05627205337334 0.000866551126516464 
3.15248205620189 1.80160979780194 1.6388550931205 0.000866551126516464 
4.62799611014094 1.79982985402171 2.22143813286765 0.000866551126516464 
6.10351016408 1.79805064852002 2.80402117261481 0.000866551126516464 
1.29583891083946 1.79627217475374 3.38660421236196 0.000866551126516464 
2.77135296477852 1.79449442620242 3.96918725210911 0.000866551126516464 
4.24686701871757 1.79271739636807 4.55177029185627 0.000866551126516464 
5.72238107265663 1.7909410787749 5.13435333160342 0.000866551126516464 
0.914709819416092 1.78916546696906 5.71693637135058 0.000866551126516464 
2.39022387335515 1.78739055451841 0.0163341039181445 0.000866551126516464 
3.8657379272942 1.78561633501228 0.598917143665299 0.000866551126516464 
5.34125198123325 1.78384280206122 1.18150018341245 0.000866551126516464 
0.533580727992721 1.78206994929676 1.76408322315961 0.000866551126516464 
2.00909478193177 1.7802977703712 2.34666626290676 0.000866551126516464 
3.48460883587083 1.77852625895733 2.92924930265391 0.000866551126516464 
4.96012288980988 1.77675540874824 3.51183234240107 0.000866551126516464 
0.152451636569349 1.77498521345706 4.09441538214822 0.000866551126516464 
1.6279656905084 1.77321566681675 4.67699842189538 0.000866551126516464 
3.10347974444746 1.77144676257985 5.25958146164253 0.000866551126516464 
4.57899379838651 1.76967849451828 5.84216450138969 0.000866551126516464 
6.05450785232556 1.7679108564231 0.141562233957252 0.000866551126516464 
1.24683659908503 1.7661438421043 0.724145273704406 0.000866551126516464 
2.72235065302408 1.76437744539055 1.30672831345156 0.000866551126516464 
4.19786470696314 1.76261166012902 1.88931135319871 0.000866551126516464 
5.67337876090219 1.76084648018515 2.47189439294587 0.000866551126516464 
0.865707507661659 1.7590818994424 3.05447743269302 0.000866551126516464 
2.34122156160071 1.75731791180209 3.63706047244018 0.000866551126516464 
3.81673561553977 1.75555451118315 4.21964351218733 0.000866551126516464 
5.29224966947882 1.75379169152193 4.80222655193448 0.000866551126516464 
0.484578416238287 1.75202944677195 5.38480959168164 0.000866551126516464 
1.96009247017734 1.75026777090376 5.96739263142879 0.000866551126516464 
3.43560652411639 1.74850665790467 0.26679036399636 0.000866551126516464 
4.91112057805545 1.74674610177858 0.849373403743514 0.000866551126516464 
0.103449324814915 1.74498609654576 1.43195644349067 0.000866551126516464 
1.57896337875397 1.74322663624265 2.01453948323782 0.000866551126516464 
3.05447743269302 1.74146771492167 2.59712252298498 0.000866551126516464 
4.52999148663208 1.739709326651 3.17970556273213 0.000866551126516464 
6.00550554057113 1.73795146551441 3.76228860247928 0.000866551126516464 
1.1978342873306 1.73619412561102 4.34487164222644 0.000866551126516464 
2.67334834126965 1.73443730105516 4.92745468197359 0.000866551126516464 
4.1488623952087 1.73268098597611 5.51003772172075 0.000866551126516464 
5.62437644914776 1.73092517451797 6.0926207614679 0.000866551126516464 
0.816705195907225 1.72916986083942 0.392018494035468 0.000866551126516464 
2.29221924984628 1.72741503911357 0.974601533782622 0.000866551126516464 
3.76773330378533 1.72566070352772 1.55718457352978 0.000866551126516464 
5.24324735772439 1.72390684828322 2.13976761327693 0.000866551126516464 
0.435576104483854 1.72215346759525 2.72235065302408 0.000866551126516464 
1.91109015842291 1.72040055569265 3.30493369277124 0.000866551126516464 
3.38660421236196 1.71864810681775 3.88751673251839 0.000866551126516464 
4.86211826630102 1.71689611522612 4.47009977226555 0.000866551126516464 
0.0544470130604817 1.71514457518648 5.0526828120127 0.000866551126516464 
1.52996106699954 1.71339348098044 5.63526585175985 0.000866551126516464 
3.00547512093859 1.71164282690236 6.21784889150701 0.000866551126516464 
4.48098917487764 1.70989260725918 0.517246624074576 0.000866551126516464 
5.9565032288167 1.70814281637019 1.09982966382173 0.000866551126516464 
1.14883197557616 1.7063934485669 1.68241270356888 0.000866551126516464 
2.62434602951522 1.70464449819284 2.26499574331604 0.000866551126516464 
4.09986008345427 1.7028959596034 2.84757878306319 0.000866551126516464 
5.57537413739332 1.70114782716565 3.43016182281035 0.000866551126516464 
0.767702884152792 1.69940009525814 4.0127448625575 0.000866551126516464 
2.24321693809185 1.69765275827077 4.59532790230465 0.000866551126516464 
3.7187309920309 1.69590581060459 5.17791094205181 0.000866551126516464 
5.19424504596995 1.69415924667164 5.76049398179896 0.000866551126516464 
0.38657379272942 1.69241306089476 0.0598917143665299 0.000866551126516464 
1.86208784666847 1.69066724770746 0.642474754113684 0.000866551126516464 
3.33760190060753 1.6889218015537 1.22505779386084 0.000866551126516464 
4.81311595454658 1.68717671688778 1.80764083360799 0.000866551126516464 
0.00544470130604817 1.68543198817411 2.39022387335515 0.000866551126516464 
1.4809587552451 1.68368760988711 2.9728069131023 0.000866551126516464 
2.95647280918416 1.68194357651098 3.55538995284945 0.000866551126516464 
4.43198686312321 1.68019988253957 4.13797299259661 0.000866551126516464 
5.90750091706226 1.67845652247625 4.72055603234376 0.000866551126516464 
1.09982966382173 1.67671349083365 5.30313907209092 0.000866551126516464 
2.57534371776078 1.67497078213361 5.88572211183807 0.000866551126516464 
4.05085777169984 1.67322839090694 0.185119844405638 0.000866551126516464 
5.52637182563889 1.67148631169327 0.767702884152792 0.000866551126516464 
0.718700572398358 1.66974453904094 1.35028592389995 0.000866551126516464 
2.19421462633741 1.66800306750677 1.9328689636471 0.000866551126516464 
3.66972868027646 1.66626189165596 2.51545200339425 0.000866551126516464 
5.14524273421552 1.66452100606189 3.09803504314141 0.000866551126516464 
0.337571480974986 1.662780405306 3.68061808288856 0.000866551126516464 
1.81308553491404 1.66104008397758 4.26320112263572 0.000866551126516464 
3.28859958885309 1.65930003667369 4.84578416238287 0.000866551126516464 
4.76411364279215 1.65756025799891 5.42836720213002 0.000866551126516464 
6.2396276967312 1.65582074256528 6.01095024187718 0.000866551126516464 
1.43195644349067 1.65408148499207 0.310347974444746 0.000866551126516464 
2.90747049742972 1.65234247990568 0.8929310141919 0.000866551126516464 
4.38298455136878 1.65060372193944 1.47551405393905 0.000866551126516464 
5.85849860530783 1.64886520573349 2.05809709368621 0.000866551126516464 
1.0508273520673 1.64712692593463 2.64068013343336 0.000866551126516464 
2.52634140600635 1.64538887719613 3.22326317318052 0.000866551126516464 
4.0018554599454 1.64365105417762 3.80584621292767 0.000866551126516464 
5.47736951388446 1.64191345154493 4.38842925267482 0.000866551126516464 
0.669698260643925 1.64017606396992 4.97101229242198 0.000866551126516464 
2.14521231458298 1.63843888613034 5.55359533216913 0.000866551126516464 
3.62072636852203 1.63670191270969 6.13617837191629 0.000866551126516464 
5.09624042246109 1.63496513839707 0.435576104483854 0.000866551126516464 
0.288569169220553 1.63322855788701 1.01815914423101 0.000866551126516464 
1.76408322315961 1.63149216587935 1.60074218397816 0.000866551126516464 
3.23959727709866 1.62975595707907 2.18332522372532 0.000866551126516464 
4.71511133103771 1.62801992619616 2.76590826347247 0.000866551126516464 
6.19062538497677 1.62628406794545 3.34849130321962 0.000866551126516464 
1.38295413173623 1.6245483770465 3.93107434296678 0.000866551126516464 
2.85846818567529 1.62281284822342 4.51365738271393 0.000866551126516464 
4.33398223961434 1.62107747620473 5.09624042246109 0.000866551126516464 
5.8094962935534 1.61934225572321 5.67882346220824 0.000866551126516464 
1.00182504031286 1.6176071815158 6.26140650195539 0.000866551126516464 
2.47733909425192 1.61587224832339 0.560804234522961 0.000866551126516464 
3.95285314819097 1.61413745089071 1.14338727427012 0.000866551126516464 
5.42836720213002 1.61240278396618 1.72597031401727 0.000866551126516464 
0.620695948889491 1.61066824230176 2.30855335376442 0.000866551126516464 
2.09621000282854 1.60893382065284 2.89113639351158 0.000866551126516464 
3.5717240567676 1.60719951377803 3.47371943325873 0.000866551126516464 
5.04723811070665 1.60546531643908 4.05630247300589 0.000866551126516464 
0.239566857466119 1.6037312234007 4.63888551275304 0.000866551126516464 
1.71508091140517 1.60199722943043 5.22146855250019 0.000866551126516464 
3.19059496534423 1.60026332929851 5.80405159224735 0.000866551126516464 
4.66610901928328 1.5985295177777 0.103449324814915 0.000866551126516464 
6.14162307322233 1.59679578964317 0.686032364562069 0.000866551126516464 
1.3339518199818 1.59506213967236 1.26861540430922 0.000866551126516464 
2.80946587392085 1.59332856264482 1.85119844405638 0.000866551126516464 
4.28497992785991 1.59159505334207 2.43378148380353 0.000866551126516464 
5.76049398179896 1.58986160654746 3.01636452355069 0.000866551126516464 
0.952822728558429 1.58812821704605 3.59894756329784 0.000866551126516464 
2.42833678249748 1.58639487962442 4.18153060304499 0.000866551126516464 
3.90385083643654 1.5846615890706 4.76411364279215 0.000866551126516464 
5.37936489037559 1.58292834017385 5.3466966825393 0.000866551126516464 
0.571693637135058 1.58119512772458 5.92927972228646 0.000866551126516464 
2.04720769107411 1.57946194651417 0.228677454854023 0.000866551126516464 
3.52272174501317 1.57772879133486 0.811260494601177 0.000866551126516464 
4.99823579895222 1.57599565697958 1.39384353434833 0.000866551126516464 
0.190564545711686 1.57426253824183 1.97642657409549 0.000866551126516464 
1.66607859965074 1.57252942991553 2.55900961384264 0.000866551126516464 
3.14159265358979 1.5707963267949 3.14159265358979 0.000866551126516464 
4.61710670752885 1.56906322367426 3.72417569333695 0.000866551126516464 
6.0926207614679 1.56733011534797 4.3067587330841 0.000866551126516464 
1.28494950822737 1.56559699661022 4.88934177283126 0.000866551126516464 
2.76046356216642 1.56386386225494 5.47192481257841 0.000866551126516464 
4.23597761610548 1.56213070707563 6.05450785232556 0.000866551126516464 
5.71149167004453 1.56039752586522 0.353905584893131 0.000866551126516464 
0.903820416803996 1.55866431341594 0.936488624640285 0.000866551126516464 
2.37933447074305 1.5569310645192 1.51907166438744 0.000866551126516464 
3.8548485246821 1.55519777396537 2.10165470413459 0.000866551126516464 
5.33036257862116 1.55346443654375 2.68423774388175 0.000866551126516464 
0.522691325380624 1.55173104704233 3.2668207836289 0.000866551126516464 
1.99820537931968 1.54999760024773 3.84940382337606 0.000866551126516464 
3.47371943325873 1.54826409094497 4.43198686312321 0.000866551126516464 
4.94923348719779 1.54653051391743 5.01456990287036 0.000866551126516464 
0.141562233957252 1.54479686394662 5.59715294261752 0.000866551126516464 
1.61707628789631 1.5430631358121 6.17973598236467 0.000866551126516464 
3.09259034183536 1.54132932429129 0.479133714932239 0.000866551126516464 
4.56810439577441 1.53959542415936 1.06171675467939 0.000866551126516464 
6.04361844971347 1.5378614301891 1.64429979442655 0.000866551126516464 
1.23594719647293 1.53612733715072 2.2268828341737 0.000866551126516464 
2.71146125041199 1.53439313981176 2.80946587392085 0.000866551126516464 
4.18697530435104 1.53265883293696 3.39204891366801 0.000866551126516464 
5.66248935829009 1.53092441128803 3.97463195341516 0.000866551126516464 
0.854818105049562 1.52918986962362 4.55721499316232 0.000866551126516464 
2.33033215898862 1.52745520269909 5.13979803290947 0.000866551126516464 
3.80584621292767 1.5257204052664 5.72238107265663 0.000866551126516464 
5.28136026686672 1.52398547207399 0.0217788052241927 0.000866551126516464 
0.473689013626191 1.52225039786658 0.604361844971347 0.000866551126516464 
1.94920306756524 1.52051517738507 1.1869448847185 0.000866551126516464 
3.4247171215043 1.51877980536637 1.76952792446565 0.000866551126516464 
4.90023117544335 1.51704427654329 2.35211096421281 0.000866551126516464 
0.0925599222028189 1.51530858564434 2.93469400395996 0.000866551126516464 
1.56807397614187 1.51357272739364 3.51727704370712 0.000866551126516464 
3.04358803008093 1.51183669651073 4.09986008345427 0.000866551126516464 
4.51910208401998 1.51010048771045 4.68244312320143 0.000866551126516464 
5.99461613795903 1.50836409570278 5.26502616294858 0.000866551126516464 
1.1869448847185 1.50662751519273 5.84760920269573 0.000866551126516464 
2.66245893865755 1.5048907408801 0.147006935263301 0.000866551126516464 
4.13797299259661 1.50315376745945 0.729589975010455 0.000866551126516464 
5.61348704653566 1.50141658961987 1.31217301475761 0.000866551126516464 
0.805815793295129 1.49967920204486 1.89475605450476 0.000866551126516464 
2.28132984723418 1.49794159941217 2.47733909425192 0.000866551126516464 
3.75684390117324 1.49620377639366 3.05992213399907 0.000866551126516464 
5.23235795511229 1.49446572765516 3.64250517374622 0.000866551126516464 
0.424686701871757 1.4927274478563 4.22508821349338 0.000866551126516464 
1.90020075581081 1.49098893165035 4.80767125324053 0.000866551126516464 
3.37571480974986 1.48925017368411 5.39025429298769 0.000866551126516464 
4.85122886368892 1.48751116859772 5.97283733273484 0.000866551126516464 
0.0435576104483854 1.48577191102451 0.272235065302408 0.000866551126516464 
1.51907166438744 1.48403239559088 0.854818105049562 0.000866551126516464 
2.99458571832649 1.48229261691611 1.43740114479672 0.000866551126516464 
4.47009977226555 1.48055256961221 2.01998418454387 0.000866551126516464 
5.9456138262046 1.4788122482838 2.60256722429102 0.000866551126516464 
1.13794257296407 1.4770716475279 3.18515026403818 0.000866551126516464 
2.61345662690312 1.47533076193384 3.76773330378533 0.000866551126516464 
4.08897068084217 1.47358958608303 4.35031634353249 0.000866551126516464 
5.56448473478123 1.47184811454886 4.93289938327964 0.000866551126516464 
0.756813481540695 1.47010634189652 5.51548242302679 0.000866551126516464 
2.23232753547975 1.46836426268286 6.09806546277395 0.000866551126516464 
3.7078415894188 1.46662187145618 0.397463195341516 0.000866551126516464 
5.18335564335786 1.46487916275614 0.98004623508867 0.000866551126516464 
0.375684390117324 1.46313613111355 1.56262927483582 0.000866551126516464 
1.85119844405638 1.46139277105022 2.14521231458298 0.000866551126516464 
3.32671249799543 1.45964907707882 2.72779535433013 0.000866551126516464 
4.80222655193448 1.45790504370268 3.31037839407729 0.000866551126516464 
6.27774060587354 1.45616066541568 3.89296143382444 0.000866551126516464 
1.47006935263301 1.45441593670201 4.47554447357159 0.000866551126516464 
2.94558340657206 1.45267085203609 5.05812751331875 0.000866551126516464 
4.42109746051111 1.45092540588233 5.6407105530659 0.000866551126516464 
5.89661151445017 1.44917959269503 6.22329359281306 0.000866551126516464 
1.08894026120963 1.44743340691815 0.522691325380624 0.000866551126516464 
2.56445431514869 1.4456868429852 1.10527436512778 0.000866551126516464 
4.03996836908774 1.44393989531902 1.68785740487493 0.000866551126516464 
5.51548242302679 1.44219255833165 2.27044044462209 0.000866551126516464 
0.707811169786262 1.44044482642415 2.85302348436924 0.000866551126516464 
2.18332522372532 1.43869669398639 3.43560652411639 0.000866551126516464 
3.65883927766437 1.43694815539695 4.01818956386355 0.000866551126516464 
5.13435333160342 1.4351992050229 4.6007726036107 0.000866551126516464 
0.32668207836289 1.43344983721961 5.18335564335786 0.000866551126516464 
1.80219613230194 1.43170004633061 5.76593868310501 0.000866551126516464 
3.277710186241 1.42994982668743 0.065336415672578 0.000866551126516464 
4.75322424018005 1.42819917260936 0.647919455419732 0.000866551126516464 
6.2287382941191 1.42644807840332 1.23050249516689 0.000866551126516464 
1.42106704087857 1.42469653836367 1.81308553491404 0.000866551126516464 
2.89658109481763 1.42294454677205 2.39566857466119 0.000866551126516464 
4.37209514875668 1.42119209789714 2.97825161440835 0.000866551126516464 
5.84760920269573 1.41943918599455 3.5608346541555 0.000866551126516464 
1.0399379494552 1.41768580530658 4.14341769390266 0.000866551126516464 
2.51545200339425 1.41593195006208 4.72600073364981 0.000866551126516464 
3.99096605733331 1.41417761447623 5.30858377339696 0.000866551126516464 
5.46648011127236 1.41242279275037 5.89116681314412 0.000866551126516464 
0.658808858031828 1.41066747907183 0.190564545711686 0.000866551126516464 
2.13432291197088 1.40891166761369 0.77314758545884 0.000866551126516464 
3.60983696590994 1.40715535253464 1.35573062520599 0.000866551126516464 
5.08535101984899 1.40539852797877 1.93831366495315 0.000866551126516464 
0.277679766608457 1.40364118807539 2.5208967047003 0.000866551126516464 
1.75319382054751 1.40188332693879 3.10347974444746 0.000866551126516464 
3.22870787448656 1.40012493866812 3.68606278419461 0.000866551126516464 
4.70422192842562 1.39836601734714 4.26864582394176 0.000866551126516464 
6.17973598236467 1.39660655704404 4.85122886368892 0.000866551126516464 
1.37206472912414 1.39484655181121 5.43381190343607 0.000866551126516464 
2.84757878306319 1.39308599568512 6.01639494318323 0.000866551126516464 
4.32309283700225 1.39132488268603 0.315792675750794 0.000866551126516464 
5.7986068909413 1.38956320681784 0.898375715497948 0.000866551126516464 
0.990935637700767 1.38780096206787 1.4809587552451 0.000866551126516464 
2.46644969163982 1.38603814240664 2.06354179499226 0.000866551126516464 
3.94196374557887 1.3842747417877 2.64612483473941 0.000866551126516464 
5.41747779951793 1.38251075414739 3.22870787448656 0.000866551126516464 
0.609806546277395 1.38074617340464 3.81129091423372 0.000866551126516464 
2.08532060021645 1.37898099346077 4.39387395398087 0.000866551126516464 
3.5608346541555 1.37721520819924 4.97645699372803 0.000866551126516464 
5.03634870809456 1.3754488114855 5.55904003347518 0.000866551126516464 
0.228677454854023 1.37368179716669 6.14162307322233 0.000866551126516464 
1.70419150879308 1.37191415907152 0.441020805789902 0.000866551126516464 
3.17970556273213 1.37014589100995 1.02360384553706 0.000866551126516464 
4.65521961667118 1.36837698677304 1.60618688528421 0.000866551126516464 
6.13073367061024 1.36660744013273 2.18876992503136 0.000866551126516464 
1.32306241736971 1.36483724484155 2.77135296477852 0.000866551126516464 
2.79857647130876 1.36306639463246 3.35393600452567 0.000866551126516464 
4.27409052524781 1.36129488321859 3.93651904427283 0.000866551126516464 
5.74960457918687 1.35952270429303 4.51910208401998 0.000866551126516464 
0.941933325946333 1.35774985152858 5.10168512376713 0.000866551126516464 
2.41744737988539 1.35597631857751 5.68426816351429 0.000866551126516464 
3.89296143382444 1.35420209907138 6.26685120326144 0.000866551126516464 
5.36847548776349 1.35242718662073 0.56624893582901 0.000866551126516464 
0.560804234522961 1.35065157481489 1.14883197557616 0.000866551126516464 
2.03631828846201 1.34887525722172 1.73141501532332 0.000866551126516464 
3.51183234240107 1.34709822738738 2.31399805507047 0.000866551126516464 
4.98734639634012 1.34532047883606 2.89658109481763 0.000866551126516464 
0.17967514309959 1.34354200506977 3.47916413456478 0.000866551126516464 
1.65518919703864 1.34176279956808 4.06174717431193 0.000866551126516464 
3.1307032509777 1.33998285578785 4.64433021405909 0.000866551126516464 
4.60621730491675 1.33820216716299 5.22691325380624 0.000866551126516464 
6.0817313588558 1.33642072710422 5.8094962935534 0.000866551126516464 
1.27406010561527 1.33463852899878 0.108894026120963 0.000866551126516464 
2.74957415955433 1.33285556621021 0.691477065868117 0.000866551126516464 
4.22508821349338 1.33107183207807 1.27406010561527 0.000866551126516464 
5.70060226743243 1.32928731991766 1.85664314536243 0.000866551126516464 
0.8929310141919 1.32750202301979 2.43922618510958 0.000866551126516464 
2.36844506813095 1.32571593465048 3.02180922485673 0.000866551126516464 
3.84395912207001 1.32392904805072 3.60439226460389 0.000866551126516464 
5.31947317600906 1.32214135643616 4.18697530435104 0.000866551126516464 
0.511801922768528 1.32035285299687 4.7695583440982 0.000866551126516464 
1.98731597670758 1.31856353089704 5.35214138384535 0.000866551126516464 
3.46283003064664 1.31677338327472 5.9347244235925 0.000866551126516464 
4.93834408458569 1.31498240324153 0.234122156160071 0.000866551126516464 
0.130672831345156 1.31319058388235 0.816705195907225 0.000866551126516464 
1.60618688528421 1.31139791825507 1.39928823565438 0.000866551126516464 
3.08170093922326 1.30960439939029 1.98187127540153 0.000866551126516464 
4.55721499316232 1.30781002029101 2.56445431514869 0.000866551126516464 
6.03272904710137 1.30601477393234 3.14703735489584 0.000866551126516464 
1.22505779386084 1.30421865326123 3.729620394643 0.000866551126516464 
2.70057184779989 1.30242165119614 4.31220343439015 0.000866551126516464 
4.17608590173895 1.30062376062673 4.8947864741373 0.000866551126516464 
5.651599955678 1.29882497441359 5.47736951388446 0.000866551126516464 
0.843928702437466 1.29702528538789 6.05995255363161 0.000866551126516464 
2.31944275637652 1.2952246863511 0.359350286199179 0.000866551126516464 
3.79495681031557 1.29342317007465 0.941933325946333 0.000866551126516464 
5.27047086425463 1.29162072929962 1.52451636569349 0.000866551126516464 
0.462799611014094 1.28981735673645 2.10709940544064 0.000866551126516464 
1.93831366495315 1.28801304506455 2.68968244518779 0.000866551126516464 
3.4138277188922 1.28620778693203 3.27226548493495 0.000866551126516464 
4.88934177283126 1.28440157495535 3.8548485246821 0.000866551126516464 
0.0816705195907225 1.28259440171898 4.43743156442926 0.000866551126516464 
1.55718457352978 1.28078625977508 5.02001460417641 0.000866551126516464 
3.03269862746883 1.27897714164312 5.60259764392357 0.000866551126516464 
4.50821268140788 1.27716703980961 6.18518068367072 0.000866551126516464 
5.98372673534694 1.27535594672766 0.484578416238287 0.000866551126516464 
1.1760554821064 1.27354385481671 1.06716145598544 0.000866551126516464 
2.65156953604546 1.27173075646213 1.6497444957326 0.000866551126516464 
4.12708358998451 1.26991664401487 2.23232753547975 0.000866551126516464 
5.60259764392357 1.26810150979112 2.8149105752269 0.000866551126516464 
0.794926390683033 1.26628534607191 3.39749361497406 0.000866551126516464 
2.27044044462209 1.26446814510277 3.98007665472121 0.000866551126516464 
3.74595449856114 1.26264989909336 4.56265969446836 0.000866551126516464 
5.22146855250019 1.26083060021706 5.14524273421552 0.000866551126516464 
0.413797299259661 1.25901024061063 5.72782577396267 0.000866551126516464 
1.88931135319871 1.25718881237378 0.0272235065302408 0.000866551126516464 
3.36482540713777 1.25536630756885 0.609806546277395 0.000866551126516464 
4.84033946107682 1.25354271822035 1.19238958602455 0.000866551126516464 
0.032668207836289 1.2517180363146 1.7749726257717 0.000866551126516464 
1.50818226177534 1.24989225379931 2.35755566551886 0.000866551126516464 
2.9836963157144 1.24806536258321 2.94013870526601 0.000866551126516464 
4.45921036965345 1.24623735453559 3.52272174501317 0.000866551126516464 
5.9347244235925 1.24440822148594 4.10530478476032 0.000866551126516464 
1.12705317035197 1.2425779552235 4.68788782450747 0.000866551126516464 
2.60256722429102 1.24074654749684 5.27047086425463 0.000866551126516464 
4.07808127823008 1.23891399001343 5.85305390400178 0.000866551126516464 
5.55359533216913 1.23708027443924 0.152451636569349 0.000866551126516464 
0.745924078928599 1.23524539239826 0.735034676316503 0.000866551126516464 
2.22143813286765 1.2334093354721 1.31761771606366 0.000866551126516464 
3.69695218680671 1.23157209519951 1.90020075581081 0.000866551126516464 
5.17246624074576 1.22973366307595 2.48278379555796 0.000866551126516464 
0.364794987505227 1.22789403055314 3.06536683530512 0.000866551126516464 
1.84030904144428 1.22605318903857 3.64794987505227 0.000866551126516464 
3.31582309538333 1.22421112989507 4.23053291479943 0.000866551126516464 
4.79133714932239 1.22236784444032 4.81311595454658 0.000866551126516464 
6.26685120326144 1.22052332394637 5.39569899429374 0.000866551126516464 
1.45917995002091 1.21867755963918 5.97828203404089 0.000866551126516464 
2.93469400395996 1.2168305426981 0.277679766608457 0.000866551126516464 
4.41020805789902 1.21498226425542 0.860262806355611 0.000866551126516464 
5.88572211183807 1.21313271539583 1.44284584610276 0.000866551126516464 
1.07805085859754 1.21128188715595 2.02542888584992 0.000866551126516464 
2.55356491253659 1.20942977052381 2.60801192559707 0.000866551126516464 
4.02907896647564 1.2075763564383 3.19059496534423 0.000866551126516464 
5.5045930204147 1.20572163578873 3.77317800509138 0.000866551126516464 
0.696921767174166 1.20386559941422 4.35576104483854 0.000866551126516464 
2.17243582111322 1.20200823810321 4.93834408458569 0.000866551126516464 
3.64794987505227 1.20014954259291 5.52092712433284 0.000866551126516464 
5.12346392899133 1.19828950356876 6.10351016408 0.000866551126516464 
0.315792675750794 1.19642811166386 0.402907896647564 0.000866551126516464 
1.79130672968985 1.19456535745845 0.985490936394718 0.000866551126516464 
3.2668207836289 1.1927012314793 1.56807397614187 0.000866551126516464 
4.74233483756795 1.19083572419917 2.15065701588903 0.000866551126516464 
6.21784889150701 1.1889688260362 2.73324005563618 0.000866551126516464 
1.41017763826648 1.18710052735337 3.31582309538333 0.000866551126516464 
2.88569169220553 1.18523081845787 3.89840613513049 0.000866551126516464 
4.36120574614458 1.18335968960049 4.48098917487764 0.000866551126516464 
5.83671980008364 1.18148713097508 5.0635722146248 0.000866551126516464 
1.0290485468431 1.17961313271784 5.64615525437195 0.000866551126516464 
2.50456260078216 1.17773768490679 6.2287382941191 0.000866551126516464 
3.98007665472121 1.17586077756107 0.528136026686672 0.000866551126516464 
5.45559070866026 1.17398240064035 1.11071906643383 0.000866551126516464 
0.647919455419732 1.17210254404414 1.69330210618098 0.000866551126516464 
2.12343350935879 1.17022119761121 2.27588514592813 0.000866551126516464 
3.59894756329784 1.16833835111883 2.85846818567529 0.000866551126516464 
5.07446161723689 1.16645399428218 3.44105122542244 0.000866551126516464 
0.26679036399636 1.16456811675365 4.0236342651696 0.000866551126516464 
1.74230441793541 1.16268070812213 4.60621730491675 0.000866551126516464 
3.21781847187447 1.16079175791236 5.1888003446639 0.000866551126516464 
4.69333252581352 1.15890125558417 5.77138338441106 0.000866551126516464 
6.16884657975258 1.15700919053183 0.0707811169786262 0.000866551126516464 
1.36117532651204 1.15511555208326 0.65336415672578 0.000866551126516464 
2.8366893804511 1.15322032949937 1.23594719647293 0.000866551126516464 
4.31220343439015 1.15132351197328 1.81853023622009 0.000866551126516464 
5.7877174883292 1.14942508862956 2.40111327596724 0.000866551126516464 
0.98004623508867 1.1475250485235 2.9836963157144 0.000866551126516464 
2.45556028902772 1.14562338064032 3.56627935546155 0.000866551126516464 
3.93107434296678 1.14372007389442 4.1488623952087 0.000866551126516464 
5.40658839690583 1.14181511712854 4.73144543495586 0.000866551126516464 
0.598917143665299 1.13990849911302 5.31402847470301 0.000866551126516464 
2.07443119760435 1.13800020854495 5.89661151445017 0.000866551126516464 
3.54994525154341 1.13609023404734 0.196009247017734 0.000866551126516464 
5.02545930548246 1.13417856416835 0.778592286764888 0.000866551126516464 
0.217788052241927 1.13226518738037 1.36117532651204 0.000866551126516464 
1.69330210618098 1.13035009207923 1.9437583662592 0.000866551126516464 
3.16881616012003 1.12843326658329 2.52634140600635 0.000866551126516464 
4.64433021405909 1.12651469913259 3.1089244457535 0.000866551126516464 
6.11984426799814 1.12459437788795 3.69150748550066 0.000866551126516464 
1.31217301475761 1.12267229093008 4.27409052524781 0.000866551126516464 
2.78768706869666 1.12074842625866 4.85667356499497 0.000866551126516464 
4.26320112263572 1.1188227717914 5.43925660474212 0.000866551126516464 
5.73871517657477 1.11689531536315 6.02183964448927 0.000866551126516464 
0.931043923334237 1.11496604472488 0.321237377056842 0.000866551126516464 
2.40655797727329 1.11303494754279 0.903820416803996 0.000866551126516464 
3.88207203121234 1.11110201139728 1.48640345655115 0.000866551126516464 
5.3575860851514 1.10916722378197 2.0689864962983 0.000866551126516464 
0.549914831910865 1.10723057210273 2.65156953604546 0.000866551126516464 
2.02542888584992 1.10529204367662 3.23415257579261 0.000866551126516464 
3.50094293978897 1.10335162573088 3.81673561553977 0.000866551126516464 
4.97645699372803 1.10140930540188 4.39931865528692 0.000866551126516464 
0.168785740487493 1.09946506973405 4.98190169503407 0.000866551126516464 
1.64429979442655 1.09751890567881 5.56448473478123 0.000866551126516464 
3.1198138483656 1.09557080009351 6.14706777452838 0.000866551126516464 
4.59532790230465 1.09362073974025 0.44646550709595 0.000866551126516464 
6.07084195624371 1.09166871128483 1.0290485468431 0.000866551126516464 
1.26317070300318 1.08971470129557 1.61163158659026 0.000866551126516464 
2.73868475694223 1.08775869624219 2.19421462633741 0.000866551126516464 
4.21419881088128 1.08580068249458 2.77679766608457 0.000866551126516464 
5.68971286482034 1.08384064632167 3.35938070583172 0.000866551126516464 
0.882041611579803 1.08187857389019 3.94196374557887 0.000866551126516464 
2.35755566551886 1.07991445126349 4.52454678532603 0.000866551126516464 
3.83306971945791 1.07794826440021 5.10712982507318 0.000866551126516464 
5.30858377339696 1.07597999915314 5.68971286482034 0.000866551126516464 
0.500912520156431 1.07400964126783 6.27229590456749 0.000866551126516464 
1.97642657409549 1.07203717638136 0.571693637135058 0.000866551126516464 
3.45194062803454 1.07006259002102 1.15427667688221 0.000866551126516464 
4.92745468197359 1.06808586760295 1.73685971662937 0.000866551126516464 
0.11978342873306 1.06610699443078 2.31944275637652 0.000866551126516464 
1.59529748267211 1.06412595569431 2.90202579612367 0.000866551126516464 
3.07081153661117 1.06214273646802 3.48460883587083 0.000866551126516464 
4.54632559055022 1.06015732170974 4.06719187561798 0.000866551126516464 
6.02183964448927 1.05816969625918 4.64977491536514 0.000866551126516464 
1.21416839124874 1.05617984483644 5.23235795511229 0.000866551126516464 
2.68968244518779 1.05418775204057 5.81494099485944 0.000866551126516464 
4.16519649912685 1.05219340234804 0.114338727427012 0.000866551126516464 
5.6407105530659 1.05019678011121 0.696921767174166 0.000866551126516464 
0.83303929982537 1.0481978695568 1.27950480692132 0.000866551126516464 
2.30855335376442 1.04619665478427 1.86208784666847 0.000866551126516464 
3.78406740770348 1.04419311976428 2.44467088641563 0.000866551126516464 
5.25958146164253 1.04218724833699 3.02725392616278 0.000866551126516464 
0.451910208401998 1.04017902421047 3.60983696590994 0.000866551126516464 
1.92742426234105 1.03816843095901 4.19242000565709 0.000866551126516464 
3.4029383162801 1.03615545202137 4.77500304540424 0.000866551126516464 
4.87845237021916 1.03414007069912 5.3575860851514 0.000866551126516464 
0.0707811169786262 1.03212227015482 5.94016912489855 0.000866551126516464 
1.54629517091768 1.03010203341027 0.239566857466119 0.000866551126516464 
3.02180922485673 1.02807934334467 0.822149897213274 0.000866551126516464 
4.49732327879579 1.02605418269281 1.40473293696043 0.000866551126516464 
5.97283733273484 1.02402653404315 1.98731597670758 0.000866551126516464 
1.16516607949431 1.02199637983596 2.56989901645474 0.000866551126516464 
2.64068013343336 1.01996370236135 3.15248205620189 0.000866551126516464 
4.11619418737242 1.01792848375731 3.73506509594904 0.000866551126516464 
5.59170824131147 1.01589070600775 4.3176481356962 0.000866551126516464 
0.784036988070936 1.01385035094039 4.90023117544335 0.000866551126516464 
2.25955104200999 1.01180740022476 5.48281421519051 0.000866551126516464 
3.73506509594904 1.00976183537009 6.06539725493766 0.000866551126516464 
5.2105791498881 1.00771363772315 0.364794987505227 0.000866551126516464 
0.402907896647564 1.0056627884661 0.947378027252381 0.000866551126516464 
1.87842195058662 1.00360926861425 1.52996106699954 0.000866551126516464 
3.35393600452567 1.00155305901389 2.11254410674669 0.000866551126516464 
4.82945005846473 0.999494140339917 2.69512714649384 0.000866551126516464 
0.0217788052241927 0.997432493093578 3.277710186241 0.000866551126516464 
1.49729285916325 0.995368097600085 3.86029322598815 0.000866551126516464 
2.9728069131023 0.993300934006218 4.44287626573531 0.000866551126516464 
4.44832096704135 0.991230982277883 5.02545930548246 0.000866551126516464 
5.92383502098041 0.989158222197632 5.60804234522961 0.000866551126516464 
1.11616376773987 0.98708263336213 6.19062538497677 0.000866551126516464 
2.59167782167893 0.985004195179589 0.490023117544335 0.000866551126516464 
4.06719187561798 0.982922886867153 1.07260615729149 0.000866551126516464 
5.54270592955704 0.980838687448233 1.65518919703864 0.000866551126516464 
0.735034676316503 0.978751575749801 2.2377722367858 0.000866551126516464 
2.21054873025556 0.976661530399638 2.82035527653295 0.000866551126516464 
3.68606278419461 0.974568529823523 3.4029383162801 0.000866551126516464 
5.16157683813366 0.972472552242385 3.98552135602726 0.000866551126516464 
0.353905584893131 0.97037357566939 4.56810439577441 0.000866551126516464 
1.82941963883218 0.968271577906994 5.15068743552157 0.000866551126516464 
3.30493369277124 0.966166536543924 5.73327047526872 0.000866551126516464 
4.78044774671029 0.964058428952114 0.032668207836289 0.000866551126516464 
6.25596180064935 0.96194723228359 0.615251247583443 0.000866551126516464 
1.44829054740881 0.959832923467285 1.1978342873306 0.000866551126516464 
2.92380460134787 0.95771547920581 1.78041732707775 0.000866551126516464 
4.39931865528692 0.955594875972155 2.3630003668249 0.000866551126516464 
5.87483270922597 0.953471090006332 2.94558340657206 0.000866551126516464 
1.06716145598544 0.951344097311961 3.52816644631921 0.000866551126516464 
2.54267550992449 0.949213873652785 4.11074948606637 0.000866551126516464 
4.01818956386355 0.947080394549127 4.69333252581352 0.000866551126516464 
5.4937036178026 0.944943635274272 5.27591556556068 0.000866551126516464 
0.686032364562069 0.942803570850786 5.85849860530783 0.000866551126516464 
2.16154641850112 0.940660176046772 0.157896337875397 0.000866551126516464 
3.63706047244018 0.938513425372037 0.740479377622551 0.000866551126516464 
5.11257452637923 0.936363293074205 1.32306241736971 0.000866551126516464 
0.304903273138697 0.934209753134744 1.90564545711686 0.000866551126516464 
1.78041732707775 0.932052779264918 2.48822849686401 0.000866551126516464 
3.2559313810168 0.929892344901665 3.07081153661117 0.000866551126516464 
4.73144543495586 0.927728423203391 3.65339457635832 0.000866551126516464 
6.20695948889491 0.925560987045684 4.23597761610548 0.000866551126516464 
1.39928823565438 0.923390009016941 4.81856065585263 0.000866551126516464 
2.87480228959343 0.921215461413914 5.40114369559978 0.000866551126516464 
4.35031634353249 0.919037316237163 5.98372673534694 0.000866551126516464 
5.82583039747154 0.916855545186421 0.283124467914505 0.000866551126516464 
1.01815914423101 0.914670119655867 0.865707507661659 0.000866551126516464 
2.49367319817006 0.912481010729305 1.44829054740881 0.000866551126516464 
3.96918725210911 0.910288189175241 2.03087358715597 0.000866551126516464 
5.44470130604817 0.908091625441869 2.61345662690312 0.000866551126516464 
0.637030052807636 0.905891289651943 3.19603966665027 0.000866551126516464 
2.11254410674669 0.903687151597562 3.77862270639743 0.000866551126516464 
3.58805816068574 0.901479180734826 4.36120574614458 0.000866551126516464 
5.0635722146248 0.899267346178405 4.94378878589174 0.000866551126516464 
0.255900961384264 0.897051616695975 5.52637182563889 0.000866551126516464 
1.73141501532332 0.894831960702555 6.10895486538605 0.000866551126516464 
3.20692906926237 0.892608346254714 0.408352597953613 0.000866551126516464 
4.68244312320143 0.890380741044662 0.990935637700767 0.000866551126516464 
6.15795717714048 0.888149112394218 1.57351867744792 0.000866551126516464 
1.35028592389995 0.885913427248644 2.15610171719507 0.000866551126516464 
2.825799977839 0.883673652170355 2.73868475694223 0.000866551126516464 
4.30131403177805 0.881429753332488 3.32126779668938 0.000866551126516464 
5.77682808571711 0.879181696512339 3.90385083643654 0.000866551126516464 
0.969156832476574 0.876929447084654 4.48643387618369 0.000866551126516464 
2.44467088641563 0.874672970014777 5.06901691593084 0.000866551126516464 
3.92018494035468 0.872412229851643 5.651599955678 0.000866551126516464 
5.39569899429374 0.87014719072063 6.23418299542515 0.000866551126516464 
0.588027741053202 0.867877816316239 0.533580727992721 0.000866551126516464 
2.06354179499226 0.865604069894622 1.11616376773987 0.000866551126516464 
3.53905584893131 0.86332591426594 1.69874680748703 0.000866551126516464 
5.01456990287036 0.861043311786551 2.28132984723418 0.000866551126516464 
0.20689864962983 0.858756224351027 2.86391288698134 0.000866551126516464 
1.68241270356888 0.856464613383977 3.44649592672849 0.000866551126516464 
3.15792675750794 0.854168439831707 4.02907896647564 0.000866551126516464 
4.63344081144699 0.851867664153664 4.6116620062228 0.000866551126516464 
6.10895486538605 0.849562246313711 5.19424504596995 0.000866551126516464 
1.30128361214551 0.847252145771174 5.77682808571711 0.000866551126516464 
2.77679766608457 0.844937321471706 0.0762258182846744 0.000866551126516464 
4.25231172002362 0.842617731837922 0.658808858031828 0.000866551126516464 
5.72782577396267 0.840293334759822 1.24139189777898 0.000866551126516464 
0.920154520722141 0.837964087584989 1.82397493752614 0.000866551126516464 
2.39566857466119 0.835629947108551 2.40655797727329 0.000866551126516464 
3.87118262860025 0.83329086956291 2.98914101702044 0.000866551126516464 
5.3466966825393 0.830946810607226 3.5717240567676 0.000866551126516464 
0.539025429298769 0.828597725316639 4.15430709651475 0.000866551126516464 
2.01453948323782 0.826243568171243 4.73689013626191 0.000866551126516464 
3.49005353717688 0.823884293044786 5.31947317600906 0.000866551126516464 
4.96556759111593 0.821519853193097 5.90205621575621 0.000866551126516464 
0.157896337875397 0.819150201242224 0.201453948323782 0.000866551126516464 
1.63341039181445 0.816775289176285 0.784036988070936 0.000866551126516464 
3.1089244457535 0.814395068325019 1.36662002781809 0.000866551126516464 
4.58443849969256 0.812009489351017 1.94920306756524 0.000866551126516464 
6.05995255363161 0.809618502236645 2.5317861073124 0.000866551126516464 
1.25228130039108 0.807222056270628 3.11436914705955 0.000866551126516464 
2.72779535433013 0.804820100034299 3.69695218680671 0.000866551126516464 
4.20330940826919 0.802412581387492 4.27953522655386 0.000866551126516464 
5.67882346220824 0.799999447454084 4.86211826630102 0.000866551126516464 
0.871152208967707 0.797580644607147 5.44470130604817 0.000866551126516464 
2.34666626290676 0.795156118453733 6.02728434579532 0.000866551126516464 
3.82218031684581 0.792725813819248 0.32668207836289 0.000866551126516464 
5.29769437078487 0.790289674731425 0.909265118110044 0.000866551126516464 
0.490023117544335 0.787847644403867 1.4918481578572 0.000866551126516464 
1.96553717148339 0.785399665219158 2.07443119760435 0.000866551126516464 
3.44105122542244 0.782945678711522 2.65701423735151 0.000866551126516464 
4.9165652793615 0.780485625549014 3.23959727709866 0.000866551126516464 
0.108894026120963 0.778019445515229 3.82218031684581 0.000866551126516464 
1.58440808006002 0.775547077490519 4.40476335659297 0.000866551126516464 
3.05992213399907 0.773068459432687 4.98734639634012 0.000866551126516464 
4.53543618793812 0.77058352835716 5.56992943608728 0.000866551126516464 
6.01095024187718 0.768092220316607 6.15251247583443 0.000866551126516464 
1.20327898863665 0.765594470379984 0.451910208401998 0.000866551126516464 
2.6787930425757 0.763090212611004 1.03449324814915 0.000866551126516464 
4.15430709651475 0.760579380045989 1.61707628789631 0.000866551126516464 
5.62982115045381 0.758061904671095 2.19965932764346 0.000866551126516464 
0.822149897213274 0.755537717398891 2.78224236739061 0.000866551126516464 
2.29766395115233 0.75300674804426 3.36482540713777 0.000866551126516464 
3.77317800509138 0.750468925299603 3.94740844688492 0.000866551126516464 
5.24869205903043 0.747924176709321 4.52999148663208 0.000866551126516464 
0.441020805789902 0.745372428643551 5.11257452637923 0.000866551126516464 
1.91653485972896 0.742813606271121 5.69515756612638 0.000866551126516464 
3.39204891366801 0.740247633531712 6.27774060587354 0.000866551126516464 
4.86756296760706 0.737674433107176 0.577138338441106 0.000866551126516464 
0.0598917143665299 0.735093926391999 1.15972137818826 0.000866551126516464 
1.53540576830558 0.732506033462862 1.74230441793541 0.000866551126516464 
3.01091982224464 0.729910673047282 2.32488745768257 0.000866551126516464 
4.48643387618369 0.727307762491282 2.90747049742972 0.000866551126516464 
5.96194793012274 0.724697217726063 3.49005353717688 0.000866551126516464 
1.15427667688221 0.722078953233642 4.07263657692403 0.000866551126516464 
2.62979073082127 0.719452882011407 4.65521961667118 0.000866551126516464 
4.10530478476032 0.716818915535556 5.23780265641834 0.000866551126516464 
5.58081883869937 0.714176963723376 5.82038569616549 0.000866551126516464 
0.77314758545884 0.711526934894302 0.11978342873306 0.000866551126516464 
2.24866163939789 0.70886873572974 0.702366468480214 0.000866551126516464 
3.72417569333695 0.706202271231564 1.28494950822737 0.000866551126516464 
5.199689747276 0.703527444679267 1.86753254797452 0.000866551126516464 
0.392018494035468 0.7008441575857 2.45011558772168 0.000866551126516464 
1.86753254797452 0.698152309651334 3.03269862746883 0.000866551126516464 
3.34304660191358 0.695451798717 3.61528166721598 0.000866551126516464 
4.81856065585263 0.692742520715028 4.19786470696314 0.000866551126516464 
0.0108894026120963 0.690024369618735 4.78044774671029 0.000866551126516464 
1.48640345655115 0.687297237390182 5.36303078645745 0.000866551126516464 
2.9619175104902 0.684561013926126 5.9456138262046 0.000866551126516464 
4.43743156442926 0.681815587002099 0.245011558772168 0.000866551126516464 
5.91294561836831 0.679060842214532 0.827594598519322 0.000866551126516464 
1.10527436512778 0.676296662920826 1.41017763826648 0.000866551126516464 
2.58078841906683 0.673522930177306 1.99276067801363 0.000866551126516464 
4.05630247300589 0.670739522674941 2.57534371776078 0.000866551126516464 
5.53181652694494 0.667946316672745 3.15792675750794 0.000866551126516464 
0.724145273704406 0.665143185928751 3.74050979725509 0.000866551126516464 
2.19965932764346 0.662330001628455 4.32309283700225 0.000866551126516464 
3.67517338158251 0.659506632310605 4.9056758767494 0.000866551126516464 
5.15068743552157 0.656672943790223 5.48825891649655 0.000866551126516464 
0.343016182281035 0.65382879907873 6.07084195624371 0.000866551126516464 
1.81853023622009 0.65097405830104 0.370239688811275 0.000866551126516464 
3.29404429015914 0.648108578609479 0.952822728558429 0.000866551126516464 
4.7695583440982 0.645232214094382 1.53540576830558 0.000866551126516464 
6.24507239803725 0.642344815691207 2.11798880805274 0.000866551126516464 
1.43740114479672 0.639446231084005 2.70057184779989 0.000866551126516464 
2.91291519873577 0.636536304605064 3.28315488754705 0.000866551126516464 
4.38842925267482 0.633614877130538 3.8657379272942 0.000866551126516464 
5.86394330661388 0.630681785971871 4.44832096704135 0.000866551126516464 
1.05627205337334 0.6277368647628 5.03090400678851 0.000866551126516464 
2.5317861073124 0.624779943341725 5.61348704653566 0.000866551126516464 
4.00730016125145 0.621810847629191 6.19607008628282 0.000866551126516464 
5.48281421519051 0.61882939950026 0.495467818850383 0.000866551126516464 
0.675142961949973 0.615835416651485 1.07805085859754 0.000866551126516464 
2.15065701588903 0.612828712462223 1.66063389834469 0.000866551126516464 
3.62617106982808 0.609809095849974 2.24321693809185 0.000866551126516464 
5.10168512376713 0.606776371119442 2.825799977839 0.000866551126516464 
0.294013870526601 0.603730337804973 3.40838301758615 0.000866551126516464 
1.76952792446565 0.600670790506019 3.99096605733331 0.000866551126516464 
3.24504197840471 0.59759751871524 4.57354909708046 0.000866551126516464 
4.72055603234376 0.594510306638836 5.15613213682762 0.000866551126516464 
6.19607008628282 0.591408933008692 5.73871517657477 0.000866551126516464 
1.38839883304228 0.58829317088585 0.0381129091423372 0.000866551126516464 
2.86391288698134 0.585162787454838 0.620695948889491 0.000866551126516464 
4.33942694092039 0.582017543808315 1.20327898863665 0.000866551126516464 
5.81494099485944 0.578857194721476 1.7858620283838 0.000866551126516464 
1.00726974161891 0.575681488415609 2.36844506813095 0.000866551126516464 
2.48278379555796 0.572490166310177 2.95102810787811 0.000866551126516464 
3.95829784949702 0.569282962762713 3.53361114762526 0.000866551126516464 
5.43381190343607 0.566059604795803 4.11619418737242 0.000866551126516464 
0.626140650195539 0.562819811810371 4.69877722711957 0.000866551126516464 
2.10165470413459 0.559563295284395 5.28136026686672 0.000866551126516464 
3.57716875807365 0.556289758456161 5.86394330661388 0.000866551126516464 
5.0526828120127 0.552998895991066 0.163341039181445 0.000866551126516464 
0.245011558772168 0.549690393630908 0.745924078928599 0.000866551126516464 
1.72052561271122 0.546363927824537 1.32850711867575 0.000866551126516464 
3.19603966665027 0.543019165338631 1.91109015842291 0.000866551126516464 
4.67155372058933 0.539655762847286 2.49367319817006 0.000866551126516464 
6.14706777452838 0.53627336649898 3.07625623791722 0.000866551126516464 
1.33939652128785 0.532871611459381 3.65883927766437 0.000866551126516464 
2.8149105752269 0.529450121428325 4.24142231741152 0.000866551126516464 
4.29042462916596 0.526008508129161 4.82400535715868 0.000866551126516464 
5.76593868310501 0.522546370768502 5.40658839690583 0.000866551126516464 
0.958267429864478 0.519063295464269 5.98917143665299 0.000866551126516464 
2.43378148380353 0.515558854639713 0.288569169220553 0.000866551126516464 
3.90929553774258 0.512032606380918 0.871152208967707 0.000866551126516464 
5.38480959168164 0.508484093755055 1.45373524871486 0.000866551126516464 
0.577138338441106 0.504912844086415 2.03631828846201 0.000866551126516464 
2.05265239238016 0.501318368186994 2.61890132820917 0.000866551126516464 
3.52816644631921 0.497700159538077 3.20148436795632 0.000866551126516464 
5.00368050025827 0.494057693418967 3.78406740770348 0.000866551126516464 
0.196009247017734 0.490390425978618 4.36665044745063 0.000866551126516464 
1.67152330095679 0.486697793245548 4.94923348719779 0.000866551126516464 
3.14703735489584 0.482979210070921 5.53181652694494 0.000866551126516464 
4.6225514088349 0.479234068999218 6.11439956669209 0.000866551126516464 
6.09806546277395 0.475461739060347 0.413797299259661 0.000866551126516464 
1.29039420953342 0.471661564476384 0.996380339006815 0.000866551126516464 
2.76590826347247 0.467832863275489 1.57896337875397 0.000866551126516464 
4.24142231741152 0.463974925804692 2.16154641850112 0.000866551126516464 
5.71693637135058 0.460087013132412 2.74412945824828 0.000866551126516464 
0.909265118110044 0.456168355330532 3.32671249799543 0.000866551126516464 
2.3847791720491 0.452218149624758 3.90929553774258 0.000866551126516464 
3.86029322598815 0.448235558400701 4.49187857748974 0.000866551126516464 
5.33580727992721 0.44421970705169 5.07446161723689 0.000866551126516464 
0.528136026686672 0.44016968165269 5.65704465698405 0.000866551126516464 
2.00365008062573 0.43608452644285 6.2396276967312 0.000866551126516464 
3.47916413456478 0.431963241097067 0.539025429298769 0.000866551126516464 
4.95467818850383 0.427804777764567 1.12160846904592 0.000866551126516464 
0.147006935263301 0.423608037849717 1.70419150879308 0.000866551126516464 
1.62252098920235 0.419371868507103 2.28677454854023 0.000866551126516464 
3.09803504314141 0.415095058819274 2.86935758828738 0.000866551126516464 
4.57354909708046 0.410776335621311 3.45194062803454 0.000866551126516464 
6.04906315101951 0.406414358931519 4.03452366778169 0.000866551126516464 
1.24139189777898 0.402007716941849 4.61710670752885 0.000866551126516464 
2.71690595171804 0.397554920515104 5.199689747276 0.000866551126516464 
4.19242000565709 0.393054397128238 5.78227278702316 0.000866551126516464 
5.66793405959614 0.38850448419207 0.0816705195907225 0.000866551126516464 
0.860262806355611 0.383903421667114 0.664253559337877 0.000866551126516464 
2.33577686029466 0.379249343882719 1.24683659908503 0.000866551126516464 
3.81129091423372 0.374540270451905 1.82941963883218 0.000866551126516464 
5.28680496817277 0.369774096156651 2.41200267857934 0.000866551126516464 
0.479133714932239 0.364948579657381 2.99458571832649 0.000866551126516464 
1.95464776887129 0.360061330855198 3.57716875807365 0.000866551126516464 
3.43016182281035 0.355109796705018 4.1597517978208 0.000866551126516464 
4.9056758767494 0.350091245241089 4.74233483756795 0.000866551126516464 
0.098004623508867 0.345002747531667 5.32491787731511 0.000866551126516464 
1.57351867744792 0.339841157225054 5.90750091706226 0.000866551126516464 
3.04903273138697 0.334603087282059 0.20689864962983 0.000866551126516464 
4.52454678532603 0.329284883406993 0.789481689376984 0.000866551126516464 
6.00006083926508 0.323882593586023 1.37206472912414 0.000866551126516464 
1.19238958602455 0.318391933012423 1.95464776887129 0.000866551126516464 
2.6679036399636 0.312808243515148 2.53723080861845 0.000866551126516464 
4.14341769390266 0.307126446399939 3.1198138483656 0.000866551126516464 
5.61893174784171 0.301340987346755 3.70239688811275 0.000866551126516464 
0.811260494601177 0.295445771664469 4.28497992785991 0.000866551126516464 
2.28677454854023 0.289434087756857 4.86756296760706 0.000866551126516464 
3.76228860247928 0.283298516065646 5.45014600735422 0.000866551126516464 
5.23780265641834 0.277030819973748 6.03272904710137 0.000866551126516464 
0.430131403177805 0.270621814098818 0.332126779668938 0.000866551126516464 
1.90564545711686 0.264061203972764 0.914709819416092 0.000866551126516464 
3.38115951105591 0.25733738912231 1.49729285916325 0.000866551126516464 
4.85667356499497 0.250437218790801 2.0798758989104 0.000866551126516464 
0.0490023117544335 0.243345685590629 2.66245893865755 0.000866551126516464 
1.52451636569349 0.236045536650048 3.24504197840471 0.000866551126516464 
3.00003041963254 0.228516773356173 3.82762501815186 0.000866551126516464 
4.47554447357159 0.220735998013771 4.41020805789902 0.000866551126516464 
5.95105852751065 0.212675545952952 4.99279109764617 0.000866551126516464 
1.14338727427012 0.204302310131946 5.57537413739332 0.000866551126516464 
2.61890132820917 0.195576113573585 6.15795717714048 0.000866551126516464 
4.09441538214822 0.186447396934159 0.457354909708046 0.000866551126516464 
5.56992943608728 0.176853832166059 1.0399379494552 0.000866551126516464 
0.762258182846744 0.166715181520646 1.62252098920235 0.000866551126516464 
2.2377722367858 0.155925143536358 2.20510402894951 0.000866551126516464 
3.71328629072485 0.144337697919367 2.78768706869666 0.000866551126516464 
5.1888003446639 0.13174259331741 3.37027010844382 0.000866551126516464 
0.381129091423372 0.117817091867802 3.95285314819097 0.000866551126516464 
1.85664314536243 0.102017826691538 4.53543618793812 0.000866551126516464 
3.33215719930148 0.0832851581971765 5.11801922768528 0.000866551126516464 
4.80767125324053 0.0588829872163326 5.70060226743243 0.000866551126516464
